0 0.723145 0.307392 0.426853 0.016722
0 0.876807 0.880064 0.200527 0.016722
0 0.365473 0.748579 0.320656 0.016722
0 0.738121 0.679272 0.179898 0.016722
0 0.563243 0.812344 0.266921 0.016722
1 0.654071 0.650011 0.237881 0.020903
1 0.140524 0.090087 0.073037 0.020903
1 0.520273 0.424030 0.222287 0.020903
1 0.789388 0.394698 0.010693 0.012624
2 0.994557 0.649828 0.010693 0.012624
2 0.859806 0.803604 0.010693 0.012624
3 0.373013 0.125345 0.010171 0.012508
3 0.562222 0.535082 0.010171 0.012508
