0 0.259628 0.114205 0.149735 0.019249
0 0.441890 0.176989 0.162056 0.019249
0 0.576245 0.040516 0.152999 0.019249
0 0.227678 0.539324 0.259308 0.019249
0 0.340969 0.234103 0.160336 0.019249
1 0.419454 0.974542 0.179191 0.024062
1 0.773833 0.758597 0.367565 0.024062
1 0.736023 0.500381 0.375588 0.024062
1 0.162573 0.064359 0.011757 0.014532
2 0.183094 0.597842 0.011757 0.014532
2 0.126289 0.608819 0.011757 0.014532
3 0.808444 0.236619 0.011183 0.014398
3 0.588109 0.784851 0.011183 0.014398
