0 0.642329 0.613283 0.442048 0.027778
0 0.300419 0.162761 0.083750 0.027778
0 0.383124 0.985300 0.452525 0.027778
0 0.423540 0.111437 0.624568 0.027778
0 0.493307 0.820392 0.756875 0.027778
1 0.765951 0.879076 0.434996 0.034722
1 0.541163 0.277223 0.246142 0.034722
1 0.685645 0.919923 0.439739 0.034722
1 0.569747 0.224739 0.019738 0.020970
2 0.540477 0.174459 0.019738 0.020970
2 0.057984 0.469072 0.019738 0.020970
3 0.687203 0.697567 0.018775 0.020778
3 0.359919 0.627469 0.018775 0.020778
