0 0.314221 0.084471 0.109444 0.029806
0 0.533559 0.945120 0.756494 0.029806
0 0.559154 0.331294 0.583093 0.029806
0 0.729231 0.599071 0.418302 0.029806
0 0.668610 0.291616 0.193100 0.029806
1 0.815567 0.068676 0.226652 0.037258
1 0.448063 0.831815 0.785151 0.037258
1 0.254332 0.371181 0.100359 0.037258
1 0.651990 0.762634 0.019836 0.022501
2 0.396052 0.587017 0.019836 0.022501
2 0.706903 0.725462 0.019836 0.022501
3 0.071912 0.667166 0.018868 0.022295
3 0.701274 0.476996 0.018868 0.022295
