0 0.360681 0.192644 0.256232 0.017094
0 0.412776 0.500422 0.261983 0.017094
0 0.217291 0.053944 0.174411 0.017094
0 0.390584 0.860978 0.426723 0.017094
0 0.256062 0.645917 0.333857 0.017094
1 0.607600 0.173722 0.131619 0.021368
1 0.825544 0.833436 0.204819 0.021368
1 0.765865 0.587186 0.404236 0.021368
1 0.660307 0.773099 0.011467 0.012905
2 0.076354 0.220585 0.011467 0.012905
2 0.920608 0.442172 0.011467 0.012905
3 0.126309 0.559410 0.010907 0.012786
3 0.736163 0.181917 0.010907 0.012786
