0 0.168515 0.889406 0.042505 0.020284
0 0.536403 0.771873 0.063895 0.020284
0 0.646301 0.719580 0.364908 0.020284
0 0.696417 0.234467 0.081437 0.020284
0 0.782801 0.128261 0.242769 0.020284
1 0.300821 0.624047 0.059745 0.025355
1 0.329659 0.387413 0.487482 0.025355
1 0.577395 0.197440 0.375660 0.025355
1 0.715819 0.924310 0.014580 0.015313
2 0.883579 0.828529 0.014580 0.015313
2 0.350084 0.573994 0.014580 0.015313
3 0.910163 0.957905 0.013869 0.015172
3 0.865065 0.982844 0.013869 0.015172
