0 0.703874 0.746815 0.353558 0.015860
0 0.375992 0.438136 0.019655 0.015860
0 0.935874 0.260381 0.088655 0.015860
0 0.440548 0.654336 0.421861 0.015860
0 0.740276 0.120527 0.088977 0.015860
1 0.738764 0.440545 0.493023 0.019826
1 0.457428 0.507220 0.095283 0.019826
1 0.538005 0.594430 0.487756 0.019826
1 0.938739 0.279745 0.013133 0.011973
2 0.802479 0.832575 0.013133 0.011973
2 0.553897 0.393957 0.013133 0.011973
3 0.662584 0.132724 0.012492 0.011864
3 0.378766 0.483180 0.012492 0.011864
