0 0.347742 0.281356 0.491654 0.022599
0 0.596388 0.769456 0.550652 0.022599
0 0.672428 0.237180 0.513578 0.022599
0 0.623090 0.089245 0.515329 0.022599
0 0.394279 0.546738 0.579075 0.022599
1 0.170217 0.476669 0.064937 0.028249
1 0.487088 0.807449 0.702204 0.028249
1 0.478927 0.940065 0.043436 0.028249
1 0.407739 0.180853 0.017615 0.017060
2 0.018138 0.972572 0.017615 0.017060
2 0.779225 0.678880 0.017615 0.017060
3 0.755134 0.468801 0.016755 0.016904
3 0.544466 0.451937 0.016755 0.016904
