0 0.325257 0.716504 0.233508 0.019724
0 0.537409 0.512385 0.085575 0.019724
0 0.355521 0.985076 0.038496 0.019724
0 0.411959 0.634307 0.067630 0.019724
0 0.808632 0.345738 0.175060 0.019724
1 0.457184 0.047625 0.205199 0.024655
1 0.195547 0.899284 0.328028 0.024655
1 0.905704 0.967360 0.122005 0.024655
1 0.057953 0.114460 0.010145 0.014890
2 0.194956 0.418582 0.010145 0.014890
2 0.701759 0.443543 0.010145 0.014890
3 0.768965 0.307519 0.009650 0.014753
3 0.514084 0.104786 0.009650 0.014753
