0 0.384092 0.320339 0.486912 0.018832
0 0.493464 0.953010 0.095191 0.018832
0 0.476891 0.579385 0.477415 0.018832
0 0.377616 0.168074 0.185452 0.018832
0 0.856975 0.139455 0.067101 0.018832
1 0.772410 0.692704 0.400965 0.023540
1 0.321516 0.805920 0.459669 0.023540
1 0.244200 0.499593 0.277686 0.023540
1 0.600527 0.299144 0.012821 0.014217
2 0.844318 0.748106 0.012821 0.014217
2 0.068528 0.372156 0.012821 0.014217
3 0.469600 0.014408 0.012195 0.014087
3 0.656843 0.452432 0.012195 0.014087
