0 0.855860 0.768254 0.081128 0.015936
0 0.355811 0.415875 0.419643 0.015936
0 0.402812 0.459951 0.195660 0.015936
0 0.571846 0.263032 0.184567 0.015936
0 0.704091 0.528046 0.553262 0.015936
1 0.632877 0.199761 0.386797 0.019920
1 0.678874 0.034962 0.557539 0.019920
1 0.575017 0.979112 0.213455 0.019920
1 0.517750 0.175450 0.015929 0.012031
2 0.548757 0.950754 0.015929 0.012031
2 0.954488 0.948962 0.015929 0.012031
3 0.472522 0.835864 0.015152 0.011920
3 0.464896 0.891389 0.015152 0.011920
