0 0.548983 0.430036 0.778695 0.024213
0 0.768221 0.844298 0.288540 0.024213
0 0.384301 0.639436 0.165925 0.024213
0 0.632706 0.685668 0.680383 0.024213
0 0.577246 0.380935 0.081655 0.024213
1 0.493024 0.475156 0.604061 0.030266
1 0.410143 0.204169 0.561413 0.030266
1 0.274767 0.830359 0.264923 0.030266
1 0.792418 0.303286 0.019603 0.018279
2 0.985640 0.886382 0.019603 0.018279
2 0.810733 0.734247 0.019603 0.018279
3 0.877713 0.364962 0.018646 0.018111
3 0.278721 0.737965 0.018646 0.018111
