0 0.298472 0.247209 0.421792 0.016420
0 0.497688 0.597235 0.473964 0.016420
0 0.213368 0.798328 0.022124 0.016420
0 0.283972 0.645716 0.334719 0.016420
0 0.721612 0.122146 0.456318 0.016420
1 0.599952 0.709381 0.473938 0.020525
1 0.762234 0.058965 0.372156 0.020525
1 0.771485 0.545518 0.304523 0.020525
1 0.724593 0.569372 0.012821 0.012396
2 0.106341 0.279544 0.012821 0.012396
2 0.575087 0.939315 0.012821 0.012396
3 0.829424 0.780536 0.012195 0.012282
3 0.222647 0.363494 0.012195 0.012282
