0 0.089753 0.852535 0.114151 0.018605
0 0.917923 0.573174 0.104903 0.018605
0 0.716993 0.809976 0.292523 0.018605
0 0.522385 0.373348 0.302694 0.018605
0 0.884643 0.067964 0.089097 0.018605
1 0.685200 0.893421 0.545464 0.023256
1 0.421846 0.529038 0.562444 0.023256
1 0.764388 0.410844 0.274734 0.023256
1 0.183185 0.275440 0.014077 0.014045
2 0.888474 0.924718 0.014077 0.014045
2 0.783082 0.975291 0.014077 0.014045
3 0.222877 0.743926 0.013390 0.013916
3 0.534342 0.715984 0.013390 0.013916
