0 0.567951 0.557350 0.075046 0.023502
0 0.318243 0.123789 0.315866 0.023502
0 0.477505 0.636863 0.216208 0.023502
0 0.315354 0.963525 0.174998 0.023502
0 0.111223 0.912131 0.034072 0.023502
1 0.645327 0.497144 0.164069 0.029377
1 0.793990 0.609605 0.080217 0.029377
1 0.350780 0.469826 0.237120 0.029377
1 0.949170 0.141049 0.013237 0.017742
2 0.444995 0.779242 0.013237 0.017742
2 0.236305 0.187273 0.013237 0.017742
3 0.152411 0.164320 0.012591 0.017579
3 0.519063 0.761203 0.012591 0.017579
