0 0.526315 0.922809 0.232117 0.015974
0 0.586528 0.444159 0.182105 0.015974
0 0.460902 0.779290 0.509257 0.015974
0 0.883664 0.983092 0.200393 0.015974
0 0.297028 0.039035 0.058610 0.015974
1 0.796452 0.638219 0.349260 0.019968
1 0.767420 0.594142 0.209078 0.019968
1 0.572686 0.858192 0.329328 0.019968
1 0.227925 0.175394 0.013487 0.012059
2 0.307690 0.877802 0.013487 0.012059
2 0.912862 0.555958 0.013487 0.012059
3 0.649898 0.172517 0.012829 0.011949
3 0.494845 0.469196 0.012829 0.011949
