0 0.423491 0.587177 0.159759 0.032258
0 0.460848 0.765560 0.367896 0.032258
0 0.543612 0.028968 0.124940 0.032258
0 0.460829 0.092974 0.169003 0.032258
0 0.779068 0.514466 0.205999 0.032258
1 0.542565 0.205589 0.437280 0.040323
1 0.778928 0.330707 0.410717 0.040323
1 0.951848 0.149472 0.089911 0.040323
1 0.561693 0.503251 0.017324 0.024352
2 0.914986 0.259201 0.017324 0.024352
2 0.837636 0.740759 0.017324 0.024352
3 0.096831 0.786253 0.016479 0.024129
3 0.753831 0.025576 0.016479 0.024129
