0 0.285616 0.587324 0.224335 0.029542
0 0.588022 0.923159 0.203816 0.029542
0 0.584596 0.535781 0.473471 0.029542
0 0.628017 0.868690 0.215889 0.029542
0 0.598088 0.118079 0.513702 0.029542
1 0.954338 0.977459 0.061733 0.036928
1 0.646492 0.462709 0.493389 0.036928
1 0.825882 0.194371 0.264685 0.036928
1 0.149115 0.793358 0.014177 0.022302
2 0.023152 0.837138 0.014177 0.022302
2 0.722477 0.340267 0.014177 0.022302
3 0.554440 0.966314 0.013485 0.022097
3 0.271005 0.031053 0.013485 0.022097
