0 0.582138 0.980891 0.142872 0.017498
0 0.749244 0.946142 0.099739 0.017498
0 0.725769 0.879172 0.295015 0.017498
0 0.554214 0.316552 0.280619 0.017498
0 0.447922 0.803137 0.096056 0.017498
1 0.339040 0.832338 0.246750 0.021872
1 0.217056 0.141457 0.174369 0.021872
1 0.459364 0.716894 0.218901 0.021872
1 0.116768 0.347741 0.011586 0.013209
2 0.514461 0.378802 0.011586 0.013209
2 0.582871 0.932007 0.011586 0.013209
3 0.317722 0.388879 0.011021 0.013088
3 0.898750 0.016960 0.011021 0.013088
