0 0.877975 0.949820 0.068733 0.022472
0 0.579081 0.854163 0.045509 0.022472
0 0.820874 0.716844 0.300196 0.022472
0 0.651998 0.116606 0.081062 0.022472
0 0.468661 0.671327 0.286613 0.022472
1 0.699103 0.024056 0.086046 0.028090
1 0.720917 0.478125 0.348942 0.028090
1 0.263793 0.352081 0.117245 0.028090
1 0.918635 0.044763 0.012634 0.016964
2 0.525987 0.768159 0.012634 0.016964
2 0.971735 0.945083 0.012634 0.016964
3 0.903749 0.537737 0.012018 0.016809
3 0.585611 0.430436 0.012018 0.016809
