0 0.593613 0.558454 0.213710 0.038610
0 0.192229 0.428114 0.275715 0.038610
0 0.632515 0.295120 0.630880 0.038610
0 0.459209 0.102912 0.040759 0.038610
0 0.609195 0.606429 0.642739 0.038610
1 0.281420 0.771870 0.241118 0.048263
1 0.859747 0.154210 0.260832 0.048263
1 0.818903 0.234978 0.047873 0.048263
1 0.539042 0.452992 0.019564 0.029147
2 0.432007 0.516867 0.019564 0.029147
2 0.422357 0.057994 0.019564 0.029147
3 0.456207 0.798135 0.018609 0.028880
3 0.227579 0.222840 0.018609 0.028880
