0 0.607753 0.705992 0.335900 0.037313
0 0.702626 0.336201 0.143791 0.037313
0 0.403579 0.152681 0.440684 0.037313
0 0.459111 0.022039 0.076226 0.037313
0 0.277432 0.648537 0.160812 0.037313
1 0.704443 0.878738 0.206769 0.046642
1 0.832689 0.154374 0.093488 0.046642
1 0.636649 0.092661 0.446822 0.046642
1 0.569038 0.803306 0.592664 0.046642
2 0.372358 0.439574 0.015283 0.028169
2 0.702659 0.037538 0.015283 0.028169
3 0.721485 0.213015 0.014537 0.027910
3 0.179586 0.420828 0.014537 0.027910
