0 0.414846 0.964776 0.457677 0.025873
0 0.779530 0.455848 0.140685 0.025873
0 0.660135 0.080360 0.467163 0.025873
0 0.502485 0.707532 0.236946 0.025873
0 0.431864 0.884557 0.237148 0.025873
1 0.467769 0.819440 0.417682 0.032342
1 0.406215 0.212140 0.552441 0.032342
1 0.872907 0.596671 0.190311 0.032342
1 0.923668 0.784905 0.014829 0.019532
2 0.985506 0.919498 0.014829 0.019532
2 0.461994 0.110666 0.014829 0.019532
3 0.110872 0.453420 0.014105 0.019353
3 0.406609 0.142155 0.014105 0.019353
