0 0.440829 0.224621 0.183553 0.026110
0 0.176224 0.981435 0.127016 0.026110
0 0.515321 0.416062 0.435316 0.026110
0 0.930374 0.094316 0.131980 0.026110
0 0.575245 0.711185 0.475215 0.026110
1 0.121507 0.638797 0.123817 0.032637
1 0.347546 0.037409 0.320144 0.032637
1 0.420470 0.777938 0.096866 0.032637
1 0.794936 0.366803 0.012731 0.019711
2 0.901996 0.690807 0.012731 0.019711
2 0.097250 0.432498 0.012731 0.019711
3 0.546018 0.867616 0.012110 0.019530
3 0.196974 0.354129 0.012110 0.019530
