0 0.746259 0.503912 0.426782 0.036765
0 0.413239 0.333597 0.659507 0.036765
0 0.262044 0.196070 0.222192 0.036765
0 0.518162 0.817489 0.480204 0.036765
0 0.432988 0.492554 0.129902 0.036765
1 0.378205 0.046446 0.529451 0.045956
1 0.226578 0.690671 0.222181 0.045956
1 0.817610 0.707396 0.334136 0.045956
1 0.637778 0.549680 0.016536 0.027754
2 0.837542 0.158031 0.016536 0.027754
2 0.329266 0.537034 0.016536 0.027754
3 0.300465 0.948770 0.015728 0.027500
3 0.870617 0.016961 0.015728 0.027500
