0 0.445192 0.826959 0.125340 0.017316
0 0.673175 0.602816 0.122824 0.017316
0 0.690446 0.376967 0.419272 0.017316
0 0.214201 0.573519 0.029541 0.017316
0 0.409197 0.346093 0.334388 0.017316
1 0.273013 0.139159 0.023288 0.021645
1 0.751280 0.691282 0.040771 0.021645
1 0.895235 0.048285 0.136832 0.021645
1 0.618472 0.724521 0.012715 0.013072
2 0.982478 0.282218 0.012715 0.013072
2 0.623203 0.573977 0.012715 0.013072
3 0.934359 0.390559 0.012094 0.012952
3 0.778724 0.640122 0.012094 0.012952
