0 0.378636 0.619737 0.421672 0.043956
0 0.289569 0.460431 0.397680 0.043956
0 0.561367 0.290814 0.466081 0.043956
0 0.510231 0.974903 0.447433 0.043956
0 0.158550 0.307726 0.160872 0.043956
1 0.707803 0.066906 0.475170 0.054945
1 0.353827 0.372314 0.466003 0.054945
1 0.735598 0.727471 0.281086 0.054945
1 0.126025 0.972944 0.012106 0.033183
2 0.975675 0.716214 0.012106 0.033183
2 0.019603 0.411881 0.012106 0.033183
3 0.149767 0.859141 0.011515 0.032879
3 0.978124 0.171958 0.011515 0.032879
