0 0.282106 0.168771 0.017190 0.026455
0 0.437265 0.887986 0.148434 0.026455
0 0.523599 0.087522 0.215359 0.026455
0 0.493506 0.322516 0.317685 0.026455
0 0.827957 0.880183 0.303532 0.026455
1 0.662935 0.614830 0.346037 0.033069
1 0.206602 0.494627 0.253869 0.033069
1 0.709602 0.570492 0.329311 0.033069
1 0.230289 0.983418 0.010366 0.019971
2 0.933567 0.177126 0.010366 0.019971
2 0.808667 0.432860 0.010366 0.019971
3 0.186041 0.903192 0.009860 0.019788
3 0.522143 0.905632 0.009860 0.019788
