0 0.292865 0.898125 0.322461 0.016653
0 0.408522 0.412629 0.133446 0.016653
0 0.707450 0.976421 0.302069 0.016653
0 0.395297 0.575899 0.406328 0.016653
0 0.612129 0.907103 0.182019 0.016653
1 0.275408 0.370743 0.226701 0.020816
1 0.336835 0.463369 0.210011 0.020816
1 0.444373 0.249222 0.108406 0.020816
1 0.780921 0.662486 0.010975 0.012571
2 0.652439 0.375363 0.010975 0.012571
2 0.865362 0.217410 0.010975 0.012571
3 0.914172 0.549647 0.010440 0.012456
3 0.351522 0.243348 0.010440 0.012456
