0 0.390573 0.255274 0.055626 0.015873
0 0.646877 0.893430 0.297103 0.015873
0 0.504941 0.755624 0.244625 0.015873
0 0.433328 0.637680 0.534821 0.015873
0 0.369343 0.984012 0.466274 0.015873
1 0.325731 0.298295 0.141730 0.019841
1 0.516509 0.445961 0.291840 0.019841
1 0.483116 0.212784 0.382753 0.019841
1 0.909021 0.189497 0.014433 0.011983
2 0.659320 0.047007 0.014433 0.011983
2 0.790197 0.221859 0.014433 0.011983
3 0.822704 0.597371 0.013728 0.011873
3 0.476584 0.713894 0.013728 0.011873
