0 0.447163 0.769727 0.216729 0.024814
0 0.771313 0.981223 0.220526 0.024814
0 0.819005 0.645451 0.092148 0.024814
0 0.388234 0.177407 0.365723 0.024814
0 0.332345 0.717035 0.240744 0.024814
1 0.210838 0.856058 0.248581 0.031017
1 0.646108 0.600589 0.199391 0.031017
1 0.648197 0.550009 0.287323 0.031017
1 0.706767 0.935230 0.010897 0.018732
2 0.748798 0.162639 0.010897 0.018732
2 0.091649 0.532082 0.010897 0.018732
3 0.643856 0.385671 0.010366 0.018561
3 0.053951 0.749721 0.010366 0.018561
