0 0.782958 0.417451 0.107948 0.025063
0 0.446569 0.837212 0.463932 0.025063
0 0.548439 0.960836 0.222990 0.025063
0 0.398634 0.705372 0.477560 0.025063
0 0.340017 0.401733 0.069051 0.025063
1 0.332651 0.296583 0.533654 0.031328
1 0.599070 0.663617 0.253411 0.031328
1 0.179182 0.579472 0.124617 0.031328
1 0.655621 0.316642 0.013710 0.018920
2 0.370951 0.346942 0.013710 0.018920
2 0.720345 0.456825 0.013710 0.018920
3 0.139469 0.545438 0.013040 0.018747
3 0.923377 0.152637 0.013040 0.018747
