0 0.775356 0.825223 0.150502 0.027933
0 0.476638 0.729291 0.269943 0.027933
0 0.817050 0.088843 0.094560 0.027933
0 0.942384 0.932378 0.105595 0.027933
0 0.520289 0.626097 0.449414 0.027933
1 0.590060 0.338834 0.240946 0.034916
1 0.397814 0.863004 0.126320 0.034916
1 0.503482 0.982415 0.396203 0.034916
1 0.421621 0.448872 0.012040 0.021087
2 0.760550 0.756118 0.012040 0.021087
2 0.036039 0.343702 0.012040 0.021087
3 0.588820 0.595099 0.011453 0.020894
3 0.739256 0.044117 0.011453 0.020894
