0 0.608126 0.891356 0.060649 0.023148
0 0.173520 0.985317 0.018751 0.023148
0 0.649035 0.555669 0.214630 0.023148
0 0.477864 0.063562 0.057499 0.023148
0 0.671426 0.204516 0.274871 0.023148
1 0.618506 0.413468 0.343226 0.028935
1 0.562749 0.028221 0.051153 0.028935
1 0.360147 0.487848 0.375589 0.028935
1 0.289008 0.836911 0.012084 0.017475
2 0.738003 0.871658 0.012084 0.017475
2 0.077000 0.437778 0.012084 0.017475
3 0.137976 0.580803 0.011494 0.017315
3 0.072223 0.904169 0.011494 0.017315
