0 0.095599 0.913528 0.101483 0.032051
0 0.528148 0.775339 0.188948 0.032051
0 0.455024 0.574504 0.102507 0.032051
0 0.809042 0.046596 0.149617 0.032051
0 0.255443 0.721615 0.052635 0.032051
1 0.596762 0.529875 0.334335 0.040064
1 0.336052 0.625919 0.314700 0.040064
1 0.238077 0.863014 0.466129 0.040064
1 0.090798 0.690520 0.012315 0.024196
2 0.627292 0.081685 0.012315 0.024196
2 0.310264 0.229529 0.012315 0.024196
3 0.529215 0.268795 0.011714 0.023974
3 0.584549 0.319740 0.011714 0.023974
