0 0.743622 0.203973 0.101758 0.046729
0 0.475381 0.833179 0.180298 0.046729
0 0.229764 0.440365 0.040811 0.046729
0 0.452697 0.895138 0.266152 0.046729
0 0.441085 0.520892 0.105405 0.046729
1 0.027198 0.938868 0.049757 0.058411
1 0.801341 0.387825 0.118083 0.058411
1 0.156703 0.919115 0.016104 0.058411
1 0.082863 0.914268 0.010104 0.035276
2 0.275871 0.958805 0.010104 0.035276
2 0.929168 0.778423 0.010104 0.035276
3 0.361740 0.726915 0.009611 0.034953
3 0.088439 0.503880 0.009611 0.034953
