0 0.894848 0.752089 0.194100 0.016407
0 0.558393 0.943640 0.471413 0.016407
0 0.527369 0.456914 0.021637 0.016407
0 0.251528 0.367184 0.228436 0.016407
0 0.433641 0.787990 0.259095 0.016407
1 0.142571 0.501318 0.175676 0.020509
1 0.286273 0.882152 0.561216 0.020509
1 0.220671 0.193768 0.035027 0.020509
1 0.787101 0.243876 0.017339 0.012386
2 0.131982 0.010375 0.017339 0.012386
2 0.715124 0.924805 0.017339 0.012386
3 0.825590 0.541407 0.016493 0.012272
3 0.288670 0.539812 0.016493 0.012272
