0 0.598260 0.053748 0.264298 0.030075
0 0.405305 0.682852 0.443733 0.030075
0 0.712429 0.647308 0.352711 0.030075
0 0.621830 0.522251 0.109315 0.030075
0 0.545964 0.119428 0.385778 0.030075
1 0.347585 0.874313 0.133114 0.037594
1 0.219967 0.393829 0.424618 0.037594
1 0.043172 0.529299 0.052442 0.037594
1 0.637713 0.797639 0.011414 0.022704
2 0.959687 0.232380 0.011414 0.022704
2 0.956259 0.335157 0.011414 0.022704
3 0.351592 0.945323 0.010857 0.022496
3 0.170974 0.607990 0.010857 0.022496
