0 0.180019 0.872820 0.124126 0.015873
0 0.525134 0.099841 0.366358 0.015873
0 0.629272 0.721508 0.140340 0.015873
0 0.378985 0.210281 0.138417 0.015873
0 0.240945 0.903858 0.246580 0.015873
1 0.527623 0.821113 0.436597 0.019841
1 0.802025 0.485424 0.114512 0.019841
1 0.043621 0.108269 0.037878 0.019841
1 0.260443 0.188704 0.014634 0.011983
2 0.666578 0.428976 0.014634 0.011983
2 0.071926 0.626509 0.014634 0.011983
3 0.632641 0.016484 0.013919 0.011873
3 0.968491 0.022809 0.013919 0.011873
