0 0.705068 0.126992 0.503865 0.031348
0 0.247071 0.648573 0.265823 0.031348
0 0.475069 0.382981 0.387280 0.031348
0 0.158870 0.738777 0.076525 0.031348
0 0.594703 0.321905 0.249352 0.031348
1 0.730857 0.763302 0.466544 0.039185
1 0.420181 0.791460 0.144937 0.039185
1 0.434990 0.484877 0.322734 0.039185
1 0.225400 0.741856 0.013326 0.023665
2 0.500553 0.230264 0.013326 0.023665
2 0.992818 0.578018 0.013326 0.023665
3 0.942293 0.685584 0.012675 0.023448
3 0.577622 0.938846 0.012675 0.023448
