0 0.543160 0.287151 0.170452 0.036630
0 0.766935 0.836180 0.057647 0.036630
0 0.814228 0.174063 0.173017 0.036630
0 0.329068 0.740560 0.339520 0.036630
0 0.369332 0.661189 0.340630 0.036630
1 0.297700 0.102788 0.263364 0.045788
1 0.487757 0.949489 0.338767 0.045788
1 0.235955 0.543763 0.263201 0.045788
1 0.793971 0.459778 0.011897 0.027653
2 0.702333 0.378525 0.011897 0.027653
2 0.743422 0.056355 0.011897 0.027653
3 0.012510 0.932022 0.011316 0.027399
3 0.925735 0.777531 0.011316 0.027399
