0 0.784249 0.482032 0.010648 0.030817
0 0.605317 0.361974 0.453082 0.030817
0 0.647931 0.546025 0.181600 0.030817
0 0.702965 0.601251 0.161357 0.030817
0 0.464661 0.297918 0.464342 0.030817
1 0.736288 0.069928 0.128174 0.038521
1 0.513774 0.864137 0.377337 0.038521
1 0.929701 0.192523 0.087591 0.038521
1 0.831198 0.211786 0.012508 0.023264
2 0.008265 0.565189 0.012508 0.023264
2 0.332168 0.430362 0.012508 0.023264
3 0.127001 0.822314 0.011897 0.023051
3 0.554482 0.634971 0.011897 0.023051
