0 0.149447 0.361566 0.228589 0.038462
0 0.406504 0.469463 0.361239 0.038462
0 0.725577 0.086913 0.330123 0.038462
0 0.213858 0.797824 0.294632 0.038462
0 0.296396 0.164021 0.311114 0.038462
1 0.165936 0.071397 0.301624 0.048077
1 0.815561 0.852251 0.325661 0.048077
1 0.339493 0.703775 0.474827 0.048077
1 0.958429 0.550626 0.014591 0.029035
2 0.634213 0.295134 0.014591 0.029035
2 0.645795 0.602615 0.014591 0.029035
3 0.857051 0.517464 0.013879 0.028769
3 0.109376 0.469568 0.013879 0.028769
