0 0.260909 0.574379 0.326367 0.022447
0 0.668351 0.646273 0.301704 0.022447
0 0.468125 0.764423 0.672116 0.022447
0 0.655454 0.944701 0.394577 0.022447
0 0.416133 0.338509 0.706830 0.022447
1 0.173519 0.635452 0.041870 0.028058
1 0.643386 0.176378 0.632051 0.028058
1 0.576808 0.079265 0.641132 0.028058
1 0.624820 0.558503 0.018564 0.016945
2 0.971619 0.510313 0.018564 0.016945
2 0.949344 0.121025 0.018564 0.016945
3 0.238030 0.983027 0.017658 0.016790
3 0.922257 0.914088 0.017658 0.016790
