0 0.402098 0.297029 0.726047 0.051546
0 0.114329 0.151635 0.126293 0.051546
0 0.593200 0.938574 0.281625 0.051546
0 0.455286 0.577628 0.607933 0.051546
0 0.544690 0.376501 0.650486 0.051546
1 0.480215 0.856483 0.684842 0.064433
1 0.552773 0.743040 0.760742 0.064433
1 0.467085 0.475928 0.578541 0.064433
1 0.917881 0.186938 0.019024 0.038913
2 0.047642 0.902013 0.019024 0.038913
2 0.949504 0.109968 0.019024 0.038913
3 0.745328 0.224251 0.018095 0.038557
3 0.205365 0.218853 0.018095 0.038557
