0 0.141556 0.821313 0.033210 0.019249
0 0.728378 0.112834 0.133349 0.019249
0 0.376493 0.427451 0.346883 0.019249
0 0.486180 0.944052 0.367691 0.019249
0 0.597749 0.834061 0.329243 0.019249
1 0.728461 0.216966 0.472912 0.024062
1 0.590432 0.702233 0.351531 0.024062
1 0.301434 0.823350 0.163212 0.024062
1 0.049619 0.268578 0.011961 0.014532
2 0.171594 0.297853 0.011961 0.014532
2 0.804076 0.972181 0.011961 0.014532
3 0.794296 0.791510 0.011377 0.014398
3 0.458402 0.679016 0.011377 0.014398
