0 0.829142 0.723870 0.185347 0.030769
0 0.481193 0.938166 0.372828 0.030769
0 0.401754 0.335935 0.124996 0.030769
0 0.544702 0.228403 0.289165 0.030769
0 0.446195 0.536167 0.442631 0.030769
1 0.649314 0.843295 0.262689 0.038462
1 0.490793 0.619259 0.396639 0.038462
1 0.363861 0.705879 0.543991 0.038462
1 0.097360 0.160646 0.013930 0.023228
2 0.010727 0.814027 0.013930 0.023228
2 0.338529 0.840787 0.013930 0.023228
3 0.723219 0.547406 0.013250 0.023015
3 0.837247 0.393906 0.013250 0.023015
