0 0.520250 0.712074 0.520869 0.017953
0 0.333048 0.042311 0.460180 0.017953
0 0.458977 0.397204 0.145308 0.017953
0 0.522469 0.221306 0.098607 0.017953
0 0.490391 0.106419 0.208825 0.017953
1 0.369222 0.744889 0.667389 0.022442
1 0.411436 0.280288 0.142100 0.022442
1 0.760435 0.816093 0.217567 0.022442
1 0.152390 0.412549 0.019469 0.013553
2 0.108397 0.015516 0.019469 0.013553
2 0.708327 0.936601 0.019469 0.013553
3 0.775632 0.615597 0.018519 0.013429
3 0.435318 0.658066 0.018519 0.013429
