0 0.579032 0.210980 0.242155 0.044543
0 0.585033 0.754751 0.170161 0.044543
0 0.356091 0.438298 0.244449 0.044543
0 0.428407 0.532271 0.331684 0.044543
0 0.727653 0.812015 0.202451 0.044543
1 0.248682 0.702304 0.362635 0.055679
1 0.589548 0.388594 0.122796 0.055679
1 0.308138 0.964734 0.225688 0.055679
1 0.315672 0.855125 0.480666 0.055679
2 0.063199 0.528293 0.013460 0.033627
2 0.885746 0.359956 0.013460 0.033627
3 0.961003 0.209966 0.012803 0.033318
3 0.199720 0.146372 0.012803 0.033318
