0 0.484966 0.628170 0.462738 0.018519
0 0.679489 0.941478 0.523776 0.018519
0 0.815606 0.887629 0.354238 0.018519
0 0.571925 0.747914 0.548175 0.018519
0 0.529407 0.569965 0.297690 0.018519
1 0.599585 0.715045 0.558070 0.023148
1 0.547148 0.876239 0.028110 0.023148
1 0.737633 0.215594 0.080863 0.023148
1 0.227386 0.652518 0.016522 0.013980
2 0.751046 0.406844 0.016522 0.013980
2 0.325911 0.047114 0.016522 0.013980
3 0.479093 0.877277 0.015715 0.013852
3 0.077201 0.042574 0.015715 0.013852
