0 0.864244 0.042732 0.185005 0.049261
0 0.595585 0.238442 0.226366 0.049261
0 0.143881 0.038267 0.025950 0.049261
0 0.407123 0.552534 0.353471 0.049261
0 0.824484 0.704840 0.297281 0.049261
1 0.203044 0.171826 0.219609 0.061576
1 0.586355 0.462755 0.401662 0.061576
1 0.723134 0.383766 0.418128 0.061576
1 0.139038 0.347573 0.010497 0.037188
2 0.222787 0.838108 0.010497 0.037188
2 0.368870 0.040680 0.010497 0.037188
3 0.373012 0.210941 0.009984 0.036847
3 0.624409 0.916527 0.009984 0.036847
