0 0.413015 0.873447 0.552226 0.020725
0 0.809835 0.276135 0.318764 0.020725
0 0.666659 0.013799 0.363904 0.020725
0 0.484429 0.413571 0.090133 0.020725
0 0.852229 0.559312 0.023734 0.020725
1 0.155628 0.082206 0.269926 0.025907
1 0.431140 0.512762 0.404713 0.025907
1 0.407059 0.128272 0.564447 0.025907
1 0.161547 0.604370 0.014548 0.015646
2 0.796429 0.890416 0.014548 0.015646
2 0.313155 0.457715 0.014548 0.015646
3 0.012026 0.382579 0.013838 0.015503
3 0.448226 0.715813 0.013838 0.015503
