0 0.599927 0.618172 0.092565 0.040241
0 0.515004 0.877920 0.213392 0.040241
0 0.587822 0.718571 0.603703 0.040241
0 0.707776 0.229749 0.477829 0.040241
0 0.323051 0.129856 0.432190 0.040241
1 0.709257 0.025454 0.055617 0.050302
1 0.956253 0.505386 0.045294 0.050302
1 0.666791 0.810646 0.584423 0.050302
1 0.049887 0.953573 0.015260 0.030379
2 0.291724 0.980858 0.015260 0.030379
2 0.232125 0.017495 0.015260 0.030379
3 0.295743 0.247183 0.014515 0.030101
3 0.312052 0.968840 0.014515 0.030101
