0 0.619776 0.781939 0.647349 0.034305
0 0.515899 0.137980 0.199404 0.034305
0 0.529387 0.528187 0.419181 0.034305
0 0.745917 0.684497 0.116988 0.034305
0 0.690837 0.301925 0.598141 0.034305
1 0.599467 0.917729 0.616017 0.042882
1 0.173174 0.081060 0.221596 0.042882
1 0.630220 0.382549 0.364668 0.042882
1 0.739936 0.210171 0.018410 0.025898
2 0.854664 0.108792 0.018410 0.025898
2 0.670259 0.874909 0.018410 0.025898
3 0.595107 0.605547 0.017512 0.025660
3 0.153623 0.901622 0.017512 0.025660
