0 0.467947 0.880282 0.369260 0.020640
0 0.780939 0.118767 0.169453 0.020640
0 0.906825 0.820265 0.080654 0.020640
0 0.658264 0.344462 0.378022 0.020640
0 0.474724 0.702434 0.477818 0.020640
1 0.494623 0.459191 0.018074 0.025800
1 0.290002 0.102394 0.115243 0.025800
1 0.814464 0.661468 0.175813 0.025800
1 0.366931 0.982974 0.013098 0.015581
2 0.166788 0.692166 0.013098 0.015581
2 0.221989 0.054360 0.013098 0.015581
3 0.046909 0.893188 0.012459 0.015439
3 0.647079 0.599768 0.012459 0.015439
