0 0.339955 0.330755 0.328922 0.015974
0 0.267187 0.033898 0.042813 0.015974
0 0.444604 0.109058 0.210313 0.015974
0 0.661698 0.750767 0.473758 0.015974
0 0.053304 0.397112 0.012634 0.015974
1 0.688117 0.527284 0.374955 0.019968
1 0.477936 0.161808 0.452610 0.019968
1 0.744024 0.234065 0.036697 0.019968
1 0.369174 0.275860 0.012407 0.012059
2 0.683125 0.956937 0.012407 0.012059
2 0.686938 0.021859 0.012407 0.012059
3 0.221148 0.913485 0.011801 0.011949
3 0.125559 0.160017 0.011801 0.011949
