0 0.778547 0.402224 0.067099 0.016793
0 0.232422 0.084536 0.081586 0.016793
0 0.849060 0.498898 0.057182 0.016793
0 0.465277 0.746763 0.053092 0.016793
0 0.635527 0.929077 0.043227 0.016793
1 0.106159 0.259484 0.145598 0.020991
1 0.283284 0.311515 0.108252 0.020991
1 0.396437 0.528017 0.192916 0.020991
1 0.470339 0.895583 0.015413 0.012677
2 0.307069 0.679243 0.015413 0.012677
2 0.621377 0.720241 0.015413 0.012677
3 0.543038 0.650323 0.014660 0.012561
3 0.827986 0.811225 0.014660 0.012561
