0 0.327605 0.550192 0.395736 0.024242
0 0.421933 0.669572 0.289851 0.024242
0 0.743585 0.527131 0.029342 0.024242
0 0.827561 0.792146 0.245335 0.024242
0 0.449121 0.246786 0.388656 0.024242
1 0.513656 0.910538 0.169063 0.030303
1 0.800296 0.469758 0.114080 0.030303
1 0.465390 0.331335 0.062571 0.030303
1 0.927507 0.702895 0.010838 0.018301
2 0.879206 0.856666 0.010838 0.018301
2 0.387227 0.117392 0.010838 0.018301
3 0.061948 0.899174 0.010309 0.018133
3 0.397131 0.919801 0.010309 0.018133
