0 0.573027 0.369462 0.629703 0.029499
0 0.677451 0.582529 0.197917 0.029499
0 0.516510 0.158278 0.371814 0.029499
0 0.520964 0.771846 0.622541 0.029499
0 0.407926 0.628195 0.367014 0.029499
1 0.163011 0.576118 0.142380 0.036873
1 0.561373 0.456188 0.498979 0.036873
1 0.391585 0.210649 0.657176 0.036873
1 0.620015 0.020138 0.017883 0.022269
2 0.497080 0.413673 0.017883 0.022269
2 0.169715 0.415539 0.017883 0.022269
3 0.925260 0.836086 0.017010 0.022065
3 0.785022 0.930439 0.017010 0.022065
