0 0.397937 0.490121 0.412346 0.034423
0 0.787343 0.431746 0.379218 0.034423
0 0.731641 0.648828 0.264579 0.034423
0 0.250689 0.069550 0.285801 0.034423
0 0.584697 0.879749 0.155985 0.034423
1 0.174027 0.642336 0.251448 0.043029
1 0.639354 0.111154 0.182188 0.043029
1 0.371255 0.559608 0.076146 0.043029
1 0.875805 0.748246 0.012099 0.025987
2 0.551183 0.246956 0.012099 0.025987
2 0.170940 0.376998 0.012099 0.025987
3 0.882132 0.841505 0.011508 0.025749
3 0.131983 0.546347 0.011508 0.025749
