0 0.179144 0.264823 0.058565 0.025031
0 0.577912 0.672714 0.789562 0.025031
0 0.449392 0.949662 0.593953 0.025031
0 0.855658 0.791710 0.269312 0.025031
0 0.409623 0.494449 0.520825 0.025031
1 0.486956 0.016619 0.427876 0.031289
1 0.574715 0.414413 0.436294 0.031289
1 0.466017 0.546005 0.528969 0.031289
1 0.674764 0.835808 0.020218 0.018897
2 0.325911 0.182045 0.020218 0.018897
2 0.875976 0.558630 0.020218 0.018897
3 0.149233 0.062107 0.019231 0.018723
3 0.683971 0.614994 0.019231 0.018723
