0 0.206600 0.647681 0.039660 0.037037
0 0.445092 0.391667 0.563629 0.037037
0 0.207155 0.051289 0.177334 0.037037
0 0.760602 0.625577 0.430642 0.037037
0 0.440573 0.526395 0.429910 0.037037
1 0.656499 0.227931 0.585246 0.046296
1 0.502161 0.036834 0.369735 0.046296
1 0.839674 0.521294 0.245063 0.046296
1 0.385202 0.446977 0.015790 0.027960
2 0.511637 0.155297 0.015790 0.027960
2 0.711233 0.940234 0.015790 0.027960
3 0.397747 0.916654 0.015020 0.027704
3 0.646424 0.145105 0.015020 0.027704
