0 0.531669 0.095309 0.323405 0.047059
0 0.540953 0.750734 0.281192 0.047059
0 0.238111 0.163379 0.043174 0.047059
0 0.830212 0.601865 0.056229 0.047059
0 0.204305 0.636900 0.346347 0.047059
1 0.852405 0.924999 0.099938 0.058824
1 0.417920 0.544560 0.050430 0.058824
1 0.235756 0.390638 0.161286 0.058824
1 0.262195 0.065641 0.011820 0.035526
2 0.672553 0.563559 0.011820 0.035526
2 0.518892 0.038878 0.011820 0.035526
3 0.943182 0.426841 0.011243 0.035200
3 0.850975 0.337764 0.011243 0.035200
