0 0.312260 0.591189 0.467248 0.026144
0 0.660409 0.045215 0.362041 0.026144
0 0.354372 0.870539 0.030136 0.026144
0 0.687003 0.494558 0.175295 0.026144
0 0.412330 0.343248 0.207921 0.026144
1 0.483047 0.169929 0.186433 0.032680
1 0.160957 0.843958 0.115999 0.032680
1 0.721978 0.529555 0.250010 0.032680
1 0.846014 0.581228 0.013397 0.019736
2 0.733338 0.287699 0.013397 0.019736
2 0.197173 0.320012 0.013397 0.019736
3 0.147923 0.380069 0.012743 0.019556
3 0.755038 0.016942 0.012743 0.019556
