0 0.373436 0.577663 0.101169 0.017437
0 0.565497 0.060798 0.086276 0.017437
0 0.803937 0.621329 0.080018 0.017437
0 0.577438 0.091180 0.345520 0.017437
0 0.106167 0.598877 0.050898 0.017437
1 0.762188 0.975796 0.040288 0.021796
1 0.393015 0.858063 0.055303 0.021796
1 0.729868 0.337737 0.406979 0.021796
1 0.795210 0.530167 0.013370 0.013163
2 0.020533 0.809571 0.013370 0.013163
2 0.782464 0.437217 0.013370 0.013163
3 0.330711 0.877928 0.012718 0.013043
3 0.678840 0.286210 0.012718 0.013043
