0 0.347932 0.095733 0.622052 0.028694
0 0.358783 0.483903 0.037902 0.028694
0 0.901298 0.090003 0.149781 0.028694
0 0.137189 0.198090 0.131833 0.028694
0 0.705200 0.646654 0.540589 0.028694
1 0.531066 0.768389 0.417559 0.035868
1 0.338918 0.920895 0.492785 0.035868
1 0.480774 0.406661 0.496736 0.035868
1 0.386716 0.633528 0.016563 0.021662
2 0.649610 0.355943 0.016563 0.021662
2 0.758175 0.203095 0.016563 0.021662
3 0.578260 0.197710 0.015755 0.021463
3 0.914970 0.473181 0.015755 0.021463
