0 0.935993 0.764301 0.058504 0.042735
0 0.726404 0.224396 0.423614 0.042735
0 0.096509 0.253166 0.114595 0.042735
0 0.527317 0.791613 0.213053 0.042735
0 0.253060 0.107526 0.395444 0.042735
1 0.576915 0.963827 0.211887 0.053419
1 0.793010 0.443393 0.398461 0.053419
1 0.368904 0.363214 0.038004 0.053419
1 0.704505 0.801019 0.011097 0.032261
2 0.732306 0.050477 0.011097 0.032261
2 0.876713 0.738332 0.011097 0.032261
3 0.188649 0.442297 0.010556 0.031966
3 0.857400 0.599872 0.010556 0.031966
