0 0.485232 0.851141 0.687807 0.026560
0 0.517295 0.246464 0.608456 0.026560
0 0.496120 0.699509 0.140644 0.026560
0 0.551336 0.919306 0.281847 0.026560
0 0.364957 0.164064 0.435285 0.026560
1 0.199629 0.024948 0.216683 0.033201
1 0.780608 0.375188 0.277085 0.033201
1 0.337595 0.745365 0.669798 0.033201
1 0.901186 0.312597 0.019526 0.020051
2 0.276663 0.889153 0.019526 0.020051
2 0.223187 0.278839 0.019526 0.020051
3 0.858137 0.959688 0.018573 0.019867
3 0.125752 0.106270 0.018573 0.019867
