0 0.405414 0.453060 0.379285 0.024691
0 0.426058 0.253037 0.106883 0.024691
0 0.311161 0.683173 0.487534 0.024691
0 0.196563 0.732531 0.046213 0.024691
0 0.439117 0.134809 0.359591 0.024691
1 0.486195 0.492319 0.281916 0.030864
1 0.192360 0.812561 0.352141 0.030864
1 0.303645 0.326824 0.156991 0.030864
1 0.976651 0.027034 0.013005 0.018640
2 0.431607 0.327955 0.013005 0.018640
2 0.311177 0.525343 0.013005 0.018640
3 0.269033 0.175017 0.012370 0.018469
3 0.840907 0.160654 0.012370 0.018469
