0 0.360943 0.278015 0.030379 0.021529
0 0.219729 0.168215 0.221278 0.021529
0 0.410361 0.812451 0.407417 0.021529
0 0.146255 0.099759 0.038991 0.021529
0 0.781642 0.662235 0.209701 0.021529
1 0.523314 0.425500 0.132475 0.026911
1 0.205522 0.402909 0.360093 0.026911
1 0.837761 0.893066 0.321561 0.026911
1 0.723102 0.177582 0.015087 0.016252
2 0.453060 0.721688 0.015087 0.016252
2 0.140284 0.554722 0.015087 0.016252
3 0.567980 0.842768 0.014350 0.016103
3 0.433980 0.033190 0.014350 0.016103
