0 0.367180 0.555304 0.304942 0.021053
0 0.305656 0.622507 0.258274 0.021053
0 0.611340 0.145641 0.507580 0.021053
0 0.453305 0.467588 0.405088 0.021053
0 0.598927 0.047735 0.098760 0.021053
1 0.585146 0.820719 0.077618 0.026316
1 0.425010 0.502568 0.162045 0.026316
1 0.854937 0.756390 0.265098 0.026316
1 0.682889 0.083120 0.013478 0.015893
2 0.892914 0.564960 0.013478 0.015893
2 0.492659 0.232217 0.013478 0.015893
3 0.144431 0.362504 0.012821 0.015747
3 0.188556 0.073157 0.012821 0.015747
