0 0.453869 0.454116 0.500993 0.021834
0 0.341578 0.036428 0.291069 0.021834
0 0.542742 0.842949 0.393206 0.021834
0 0.612697 0.352138 0.435774 0.021834
0 0.395508 0.671882 0.478035 0.021834
1 0.452331 0.605988 0.191027 0.027293
1 0.737059 0.512565 0.205164 0.027293
1 0.934696 0.811556 0.087831 0.027293
1 0.555563 0.723943 0.014370 0.016483
2 0.211712 0.861197 0.014370 0.016483
2 0.404203 0.505188 0.014370 0.016483
3 0.554168 0.979923 0.013669 0.016332
3 0.199665 0.314219 0.013669 0.016332
