0 0.334970 0.913272 0.399810 0.018349
0 0.436715 0.877209 0.107622 0.018349
0 0.573467 0.636764 0.261037 0.018349
0 0.567925 0.982725 0.147360 0.018349
0 0.858681 0.821165 0.021232 0.018349
1 0.668964 0.670815 0.425964 0.022936
1 0.138995 0.305242 0.230038 0.022936
1 0.153981 0.393073 0.186569 0.022936
1 0.140676 0.731401 0.010915 0.013852
2 0.952369 0.962593 0.010915 0.013852
2 0.083281 0.356863 0.010915 0.013852
3 0.734334 0.471513 0.010383 0.013725
3 0.321343 0.963173 0.010383 0.013725
