0 0.278617 0.182375 0.159319 0.023725
0 0.712512 0.576901 0.440360 0.023725
0 0.314374 0.636845 0.401087 0.023725
0 0.774831 0.671997 0.362342 0.023725
0 0.307033 0.818563 0.447832 0.023725
1 0.839888 0.799146 0.181441 0.029656
1 0.574043 0.384559 0.094766 0.029656
1 0.610454 0.873334 0.215068 0.029656
1 0.669260 0.101355 0.013047 0.017910
2 0.909347 0.447272 0.013047 0.017910
2 0.090988 0.063168 0.013047 0.017910
3 0.335039 0.371181 0.012410 0.017746
3 0.171258 0.301042 0.012410 0.017746
