0 0.659107 0.697788 0.621287 0.019743
0 0.426624 0.750067 0.621949 0.019743
0 0.307823 0.621239 0.502696 0.019743
0 0.377657 0.469327 0.456273 0.019743
0 0.568890 0.896114 0.623683 0.019743
1 0.211023 0.201836 0.034049 0.024679
1 0.717259 0.928652 0.556967 0.024679
1 0.335038 0.130619 0.534227 0.024679
1 0.347618 0.852555 0.016871 0.014905
2 0.568392 0.671998 0.016871 0.014905
2 0.532991 0.796275 0.016871 0.014905
3 0.190681 0.416861 0.016047 0.014768
3 0.934510 0.953516 0.016047 0.014768
