0 0.475522 0.955425 0.419851 0.019861
0 0.444313 0.457989 0.075147 0.019861
0 0.353079 0.736367 0.050028 0.019861
0 0.215665 0.141014 0.269332 0.019861
0 0.605326 0.268904 0.273931 0.019861
1 0.195994 0.807345 0.213167 0.024826
1 0.331397 0.598652 0.355826 0.024826
1 0.521835 0.685706 0.259467 0.024826
1 0.064097 0.394083 0.011627 0.014993
2 0.270270 0.338421 0.011627 0.014993
2 0.096315 0.679720 0.011627 0.014993
3 0.984549 0.221576 0.011059 0.014856
3 0.873395 0.825869 0.011059 0.014856
