0 0.724275 0.174934 0.384715 0.026350
0 0.408219 0.701842 0.119914 0.026350
0 0.458924 0.833496 0.242122 0.026350
0 0.842402 0.206041 0.037745 0.026350
0 0.663862 0.264591 0.326315 0.026350
1 0.438287 0.151605 0.110134 0.032938
1 0.593604 0.898944 0.054148 0.032938
1 0.292961 0.417654 0.312442 0.032938
1 0.865125 0.890872 0.010475 0.019892
2 0.750618 0.685418 0.010475 0.019892
2 0.075927 0.223420 0.010475 0.019892
3 0.800171 0.414756 0.009963 0.019710
3 0.136635 0.914029 0.009963 0.019710
