0 0.170282 0.114229 0.262487 0.028944
0 0.677494 0.970332 0.441354 0.028944
0 0.299975 0.386806 0.044865 0.028944
0 0.377965 0.784634 0.058513 0.028944
0 0.292385 0.248848 0.088589 0.028944
1 0.230987 0.484994 0.388840 0.036179
1 0.934963 0.392693 0.067968 0.036179
1 0.343750 0.746462 0.092566 0.036179
1 0.060735 0.249788 0.017309 0.021850
2 0.838379 0.652740 0.017309 0.021850
2 0.365271 0.208775 0.017309 0.021850
3 0.697964 0.846415 0.016464 0.021650
3 0.885761 0.795697 0.016464 0.021650
