0 0.661188 0.896104 0.062157 0.018215
0 0.861680 0.056077 0.117515 0.018215
0 0.575638 0.522756 0.480426 0.018215
0 0.577543 0.129906 0.722084 0.018215
0 0.346873 0.404150 0.565219 0.018215
1 0.695923 0.013990 0.592243 0.022769
1 0.451282 0.815366 0.503158 0.022769
1 0.779673 0.860222 0.035992 0.022769
1 0.700872 0.169551 0.018547 0.013751
2 0.894378 0.814351 0.018547 0.013751
2 0.279611 0.679422 0.018547 0.013751
3 0.695317 0.302374 0.017642 0.013625
3 0.085420 0.241808 0.017642 0.013625
