0 0.348846 0.718900 0.073926 0.028653
0 0.766468 0.506351 0.226745 0.028653
0 0.247398 0.773747 0.112226 0.028653
0 0.835578 0.901623 0.181458 0.028653
0 0.777452 0.649820 0.094096 0.028653
1 0.471383 0.954526 0.405834 0.035817
1 0.063005 0.906880 0.018781 0.035817
1 0.291483 0.138176 0.446351 0.035817
1 0.975954 0.867056 0.011513 0.021631
2 0.787634 0.103486 0.011513 0.021631
2 0.158464 0.451369 0.011513 0.021631
3 0.607345 0.718902 0.010951 0.021433
3 0.225230 0.597396 0.010951 0.021433
