0 0.644084 0.394422 0.457348 0.027285
0 0.543614 0.849700 0.077520 0.027285
0 0.778558 0.493299 0.060028 0.027285
0 0.710437 0.638086 0.276817 0.027285
0 0.624216 0.225069 0.138356 0.027285
1 0.291968 0.059399 0.269184 0.034106
1 0.648954 0.134273 0.470461 0.034106
1 0.202808 0.544506 0.376667 0.034106
1 0.616517 0.353861 0.016148 0.020598
2 0.783572 0.248585 0.016148 0.020598
2 0.143411 0.358371 0.016148 0.020598
3 0.110837 0.742190 0.015360 0.020409
3 0.046862 0.798147 0.015360 0.020409
