0 0.658734 0.849271 0.275190 0.018692
0 0.924465 0.107562 0.048427 0.018692
0 0.434056 0.974232 0.181915 0.018692
0 0.483522 0.641123 0.332958 0.018692
0 0.693495 0.905132 0.267124 0.018692
1 0.707528 0.304448 0.352943 0.023364
1 0.251065 0.178149 0.449805 0.023364
1 0.256721 0.607791 0.016582 0.023364
1 0.401349 0.888880 0.012069 0.014111
2 0.848760 0.916760 0.012069 0.014111
2 0.040216 0.803669 0.012069 0.014111
3 0.957038 0.664841 0.011480 0.013981
3 0.880768 0.699110 0.011480 0.013981
