0 0.713515 0.912766 0.476836 0.026525
0 0.816456 0.118740 0.147715 0.026525
0 0.499383 0.736106 0.558986 0.026525
0 0.323939 0.248255 0.406144 0.026525
0 0.246961 0.024457 0.283964 0.026525
1 0.354185 0.401557 0.248961 0.033156
1 0.264575 0.516024 0.478730 0.033156
1 0.773434 0.961870 0.161731 0.033156
1 0.324254 0.610027 0.015741 0.020024
2 0.910306 0.443931 0.015741 0.020024
2 0.089347 0.175175 0.015741 0.020024
3 0.861823 0.757768 0.014972 0.019841
3 0.632515 0.445097 0.014972 0.019841
