0 0.261089 0.489221 0.462480 0.016090
0 0.486830 0.526777 0.532936 0.016090
0 0.351255 0.715141 0.461295 0.016090
0 0.637999 0.816958 0.316868 0.016090
0 0.343157 0.576374 0.016672 0.016090
1 0.467285 0.033695 0.137028 0.020113
1 0.381562 0.768278 0.379815 0.020113
1 0.582298 0.970802 0.140189 0.020113
1 0.771736 0.380645 0.015803 0.012147
2 0.072668 0.333141 0.015803 0.012147
2 0.975401 0.285239 0.015803 0.012147
3 0.630119 0.013002 0.015032 0.012035
3 0.127607 0.894761 0.015032 0.012035
