0 0.802138 0.877698 0.373098 0.018232
0 0.357848 0.400571 0.450155 0.018232
0 0.242224 0.044784 0.219827 0.018232
0 0.458986 0.938430 0.236696 0.018232
0 0.337268 0.009180 0.410171 0.018232
1 0.294905 0.070126 0.426760 0.022789
1 0.756783 0.846683 0.068839 0.022789
1 0.455734 0.635622 0.291057 0.022789
1 0.167288 0.429536 0.012988 0.013763
2 0.338427 0.693327 0.012988 0.013763
2 0.904652 0.730831 0.012988 0.013763
3 0.008365 0.503679 0.012354 0.013637
3 0.979877 0.491339 0.012354 0.013637
