0 0.527577 0.917025 0.395883 0.025641
0 0.703646 0.088802 0.144480 0.025641
0 0.326508 0.591805 0.194931 0.025641
0 0.459777 0.386654 0.313928 0.025641
0 0.358957 0.254424 0.046192 0.025641
1 0.739600 0.038214 0.106101 0.032051
1 0.890089 0.360987 0.068985 0.032051
1 0.759705 0.286475 0.312685 0.032051
1 0.177758 0.705511 0.011235 0.019357
2 0.258397 0.194356 0.011235 0.019357
2 0.152917 0.459035 0.011235 0.019357
3 0.194283 0.285458 0.010686 0.019179
3 0.992316 0.228236 0.010686 0.019179
