0 0.432998 0.961831 0.071309 0.025189
0 0.583743 0.554388 0.577735 0.025189
0 0.670654 0.628331 0.397240 0.025189
0 0.248468 0.508230 0.098921 0.025189
0 0.649691 0.088641 0.584712 0.025189
1 0.184218 0.469319 0.153940 0.031486
1 0.729295 0.792852 0.469136 0.031486
1 0.231138 0.679106 0.424129 0.031486
1 0.899641 0.230765 0.016386 0.019016
2 0.543098 0.829507 0.016386 0.019016
2 0.190135 0.423449 0.016386 0.019016
3 0.858389 0.746647 0.015587 0.018841
3 0.769409 0.234636 0.015587 0.018841
