0 0.883699 0.259848 0.130706 0.032949
0 0.245465 0.569496 0.116149 0.032949
0 0.868048 0.872792 0.023977 0.032949
0 0.765766 0.111529 0.426392 0.032949
0 0.884945 0.979966 0.217418 0.032949
1 0.656848 0.433020 0.032180 0.041186
1 0.125884 0.408840 0.169102 0.041186
1 0.280469 0.514435 0.209181 0.041186
1 0.483768 0.902755 0.012300 0.024874
2 0.426543 0.866515 0.012300 0.024874
2 0.889349 0.542179 0.012300 0.024874
3 0.776699 0.807542 0.011700 0.024646
3 0.679611 0.572189 0.011700 0.024646
