0 0.570783 0.464373 0.078984 0.027435
0 0.901873 0.258459 0.133100 0.027435
0 0.282353 0.302680 0.430948 0.027435
0 0.239222 0.527486 0.146310 0.027435
0 0.621898 0.256327 0.254496 0.027435
1 0.639094 0.821967 0.021867 0.034294
1 0.287951 0.826251 0.218516 0.034294
1 0.313691 0.406178 0.418061 0.034294
1 0.087488 0.729548 0.012904 0.020711
2 0.375777 0.443186 0.012904 0.020711
2 0.051993 0.242468 0.012904 0.020711
3 0.177653 0.495656 0.012274 0.020521
3 0.930476 0.441993 0.012274 0.020521
