0 0.247790 0.466577 0.128586 0.022422
0 0.690128 0.605533 0.397292 0.022422
0 0.646443 0.339396 0.188604 0.022422
0 0.353063 0.182791 0.034253 0.022422
0 0.423608 0.228649 0.469264 0.022422
1 0.720544 0.254810 0.077387 0.028027
1 0.511462 0.701394 0.085049 0.028027
1 0.426104 0.739371 0.425173 0.028027
1 0.726306 0.885348 0.347132 0.028027
2 0.202365 0.333070 0.011862 0.016926
2 0.805057 0.965831 0.011862 0.016926
3 0.673042 0.243183 0.011283 0.016771
3 0.757943 0.094327 0.011283 0.016771
