0 0.144218 0.719411 0.200692 0.035907
0 0.380649 0.529199 0.391669 0.035907
0 0.357741 0.239372 0.456694 0.035907
0 0.770991 0.657560 0.250754 0.035907
0 0.504528 0.130295 0.268886 0.035907
1 0.925389 0.068463 0.132807 0.044883
1 0.666114 0.956102 0.406407 0.044883
1 0.132668 0.778191 0.229438 0.044883
1 0.230551 0.175284 0.013388 0.027107
2 0.161851 0.961889 0.013388 0.027107
2 0.351616 0.700475 0.013388 0.027107
3 0.184814 0.065913 0.012735 0.026858
3 0.600147 0.311126 0.012735 0.026858
