0 0.340488 0.419473 0.327330 0.037453
0 0.782482 0.403543 0.348833 0.037453
0 0.513265 0.843752 0.203061 0.037453
0 0.247569 0.526715 0.325570 0.037453
0 0.747549 0.951688 0.377390 0.037453
1 0.251817 0.027631 0.074095 0.046816
1 0.431090 0.746829 0.358257 0.046816
1 0.232092 0.909324 0.179285 0.046816
1 0.757170 0.473380 0.348379 0.046816
2 0.199273 0.077944 0.010631 0.028274
2 0.892141 0.801783 0.010631 0.028274
3 0.889372 0.213140 0.010112 0.028015
3 0.522123 0.624377 0.010112 0.028015
