0 0.530729 0.490198 0.309801 0.018399
0 0.274268 0.859362 0.394121 0.018399
0 0.559218 0.270037 0.359102 0.018399
0 0.428038 0.089573 0.549242 0.018399
0 0.369414 0.915138 0.282327 0.018399
1 0.625686 0.151867 0.027709 0.022999
1 0.527477 0.117453 0.346292 0.022999
1 0.202068 0.586761 0.065660 0.022999
1 0.265506 0.010839 0.016495 0.013890
2 0.779933 0.673769 0.016495 0.013890
2 0.659504 0.394541 0.016495 0.013890
3 0.716292 0.835075 0.015690 0.013763
3 0.874425 0.813620 0.015690 0.013763
