0 0.197207 0.165540 0.099834 0.018282
0 0.734626 0.361945 0.257180 0.018282
0 0.710235 0.418347 0.523684 0.018282
0 0.264635 0.196063 0.389178 0.018282
0 0.752376 0.774063 0.042009 0.018282
1 0.631856 0.941520 0.274273 0.022852
1 0.416360 0.036657 0.221873 0.022852
1 0.190207 0.798164 0.340860 0.022852
1 0.081344 0.232086 0.014464 0.013801
2 0.908341 0.942585 0.014464 0.013801
2 0.838078 0.517295 0.014464 0.013801
3 0.641267 0.869908 0.013758 0.013675
3 0.183740 0.103920 0.013758 0.013675
