0 0.360182 0.391017 0.337239 0.026954
0 0.506411 0.087954 0.373321 0.026954
0 0.552899 0.600810 0.506515 0.026954
0 0.688507 0.792427 0.475236 0.026954
0 0.786660 0.687268 0.075803 0.026954
1 0.415248 0.143785 0.237607 0.033693
1 0.293265 0.021175 0.531970 0.033693
1 0.796556 0.185955 0.145833 0.033693
1 0.690094 0.669269 0.014227 0.020348
2 0.394407 0.705354 0.014227 0.020348
2 0.019472 0.240956 0.014227 0.020348
3 0.843941 0.284545 0.013533 0.020162
3 0.186641 0.950411 0.013533 0.020162
