0 0.675748 0.745978 0.407200 0.053619
0 0.391443 0.947236 0.205362 0.053619
0 0.865530 0.937528 0.138061 0.053619
0 0.225607 0.548294 0.335190 0.053619
0 0.294978 0.046081 0.413648 0.053619
1 0.745932 0.852651 0.187619 0.067024
1 0.693947 0.619082 0.417289 0.067024
1 0.617053 0.253112 0.392721 0.067024
1 0.669556 0.055183 0.010502 0.040478
2 0.955436 0.029477 0.010502 0.040478
2 0.920372 0.718531 0.010502 0.040478
3 0.742390 0.147656 0.009989 0.040107
3 0.545107 0.169487 0.009989 0.040107
