0 0.363877 0.204754 0.449130 0.029455
0 0.323724 0.910179 0.399057 0.029455
0 0.708966 0.799658 0.028649 0.029455
0 0.465452 0.583878 0.355186 0.029455
0 0.507913 0.684591 0.637487 0.029455
1 0.550572 0.263963 0.348453 0.036819
1 0.397251 0.064644 0.252129 0.036819
1 0.600203 0.843251 0.282714 0.036819
1 0.615774 0.895569 0.016591 0.022236
2 0.872822 0.354816 0.016591 0.022236
2 0.527068 0.138435 0.016591 0.022236
3 0.477639 0.145436 0.015781 0.022032
3 0.059822 0.671500 0.015781 0.022032
