0 0.320108 0.824589 0.034377 0.018692
0 0.413733 0.373265 0.270948 0.018692
0 0.446385 0.299176 0.227241 0.018692
0 0.664795 0.165440 0.320760 0.018692
0 0.464952 0.405524 0.522151 0.018692
1 0.605597 0.643663 0.368051 0.023364
1 0.695612 0.074746 0.472905 0.023364
1 0.090193 0.937463 0.162053 0.023364
1 0.092154 0.760668 0.014329 0.014111
2 0.465728 0.010573 0.014329 0.014111
2 0.417359 0.020672 0.014329 0.014111
3 0.723457 0.754225 0.013630 0.013981
3 0.831175 0.427044 0.013630 0.013981
