0 0.425844 0.940206 0.637795 0.030257
0 0.626136 0.049975 0.625758 0.030257
0 0.771902 0.501721 0.178512 0.030257
0 0.435198 0.842640 0.569034 0.030257
0 0.329854 0.630091 0.535522 0.030257
1 0.621240 0.175653 0.724824 0.037821
1 0.510584 0.339345 0.776557 0.037821
1 0.363729 0.456704 0.169687 0.037821
1 0.098150 0.177479 0.019526 0.022842
2 0.067992 0.746494 0.019526 0.022842
2 0.549915 0.222637 0.019526 0.022842
3 0.523252 0.511298 0.018573 0.022632
3 0.193160 0.787875 0.018573 0.022632
