0 0.478726 0.261507 0.589038 0.023725
0 0.525552 0.068554 0.506502 0.023725
0 0.661879 0.794976 0.294790 0.023725
0 0.906804 0.631748 0.178152 0.023725
0 0.464017 0.925118 0.330203 0.023725
1 0.566808 0.472357 0.483052 0.029656
1 0.591231 0.437767 0.530019 0.029656
1 0.484562 0.567564 0.669182 0.029656
1 0.929713 0.300857 0.017507 0.017910
2 0.120297 0.120816 0.017507 0.017910
2 0.413820 0.690950 0.017507 0.017910
3 0.312615 0.881140 0.016652 0.017746
3 0.438055 0.210842 0.016652 0.017746
