0 0.539504 0.828315 0.282817 0.029283
0 0.659996 0.886288 0.156123 0.029283
0 0.788552 0.073734 0.391079 0.029283
0 0.576066 0.024510 0.040931 0.029283
0 0.470063 0.784751 0.201920 0.029283
1 0.480763 0.417666 0.445752 0.036603
1 0.312712 0.338263 0.166886 0.036603
1 0.379315 0.655459 0.217482 0.036603
1 0.193234 0.329604 0.011311 0.022106
2 0.538511 0.860026 0.011311 0.022106
2 0.734048 0.834170 0.011311 0.022106
3 0.415170 0.586490 0.010759 0.021903
3 0.022790 0.146411 0.010759 0.021903
