0 0.580020 0.793219 0.096143 0.017528
0 0.336700 0.065055 0.208384 0.017528
0 0.847804 0.161115 0.083305 0.017528
0 0.269049 0.886704 0.143238 0.017528
0 0.279381 0.418747 0.378858 0.017528
1 0.116075 0.355659 0.063953 0.021911
1 0.441371 0.846119 0.208703 0.021911
1 0.302842 0.919367 0.257916 0.021911
1 0.734095 0.734967 0.012508 0.013233
2 0.685751 0.569075 0.012508 0.013233
2 0.908191 0.897007 0.012508 0.013233
3 0.041837 0.278903 0.011897 0.013111
3 0.860252 0.030326 0.011897 0.013111
