0 0.751147 0.528920 0.315562 0.041841
0 0.695826 0.874756 0.137126 0.041841
0 0.913083 0.946083 0.126822 0.041841
0 0.367569 0.593757 0.522403 0.041841
0 0.265160 0.500708 0.184103 0.041841
1 0.260376 0.369644 0.438405 0.052301
1 0.335065 0.892656 0.218764 0.052301
1 0.884218 0.042181 0.179703 0.052301
1 0.871000 0.273571 0.015213 0.031586
2 0.173639 0.838307 0.015213 0.031586
2 0.644085 0.608212 0.015213 0.031586
3 0.081640 0.934565 0.014471 0.031297
3 0.774831 0.961902 0.014471 0.031297
