0 0.732358 0.357623 0.129065 0.054645
0 0.912983 0.307373 0.009850 0.054645
0 0.657558 0.061521 0.426763 0.054645
0 0.597206 0.774198 0.572900 0.054645
0 0.629888 0.958916 0.594157 0.054645
1 0.387918 0.253550 0.277096 0.068306
1 0.713927 0.546320 0.081748 0.068306
1 0.193405 0.361820 0.245446 0.068306
1 0.022326 0.566839 0.017787 0.041252
2 0.152720 0.760565 0.017787 0.041252
2 0.639869 0.574018 0.017787 0.041252
3 0.200881 0.675858 0.016919 0.040874
3 0.552976 0.376663 0.016919 0.040874
