0 0.616270 0.814472 0.170596 0.031797
0 0.546162 0.685510 0.421055 0.031797
0 0.574546 0.613221 0.243983 0.031797
0 0.552555 0.266354 0.293478 0.031797
0 0.115326 0.714044 0.148959 0.031797
1 0.502259 0.434529 0.020586 0.039746
1 0.704021 0.564094 0.357501 0.039746
1 0.211919 0.338103 0.415912 0.039746
1 0.559120 0.034278 0.012338 0.024004
2 0.583806 0.498013 0.012338 0.024004
2 0.587792 0.135957 0.012338 0.024004
3 0.766914 0.287246 0.011736 0.023784
3 0.561158 0.397554 0.011736 0.023784
