0 0.286026 0.091075 0.318956 0.016502
0 0.661710 0.881761 0.665895 0.016502
0 0.699193 0.943228 0.358394 0.016502
0 0.520750 0.418025 0.508118 0.016502
0 0.661986 0.311582 0.294233 0.016502
1 0.799780 0.070308 0.359548 0.020627
1 0.326537 0.533747 0.559169 0.020627
1 0.578133 0.202249 0.610650 0.020627
1 0.335147 0.481164 0.017835 0.012457
2 0.409189 0.337199 0.017835 0.012457
2 0.594909 0.970254 0.017835 0.012457
3 0.841798 0.298220 0.016964 0.012343
3 0.594395 0.124037 0.016964 0.012343
