0 0.353292 0.452011 0.084906 0.020121
0 0.800100 0.669599 0.165478 0.020121
0 0.600472 0.808581 0.358204 0.020121
0 0.523708 0.172472 0.305856 0.020121
0 0.872161 0.577576 0.255628 0.020121
1 0.903952 0.880583 0.175519 0.025151
1 0.395673 0.320658 0.035483 0.025151
1 0.344986 0.605015 0.253766 0.025151
1 0.572486 0.770669 0.011681 0.015189
2 0.863096 0.818728 0.011681 0.015189
2 0.841731 0.159390 0.011681 0.015189
3 0.847385 0.491202 0.011111 0.015050
3 0.477517 0.526451 0.011111 0.015050
