0 0.293388 0.713410 0.403111 0.016260
0 0.376896 0.125616 0.409190 0.016260
0 0.253664 0.583226 0.207846 0.016260
0 0.641532 0.008848 0.119142 0.016260
0 0.473070 0.642750 0.483253 0.016260
1 0.719920 0.069170 0.302570 0.020325
1 0.357465 0.890334 0.490922 0.020325
1 0.379670 0.428389 0.441865 0.020325
1 0.191648 0.919824 0.013862 0.012275
2 0.746407 0.163752 0.013862 0.012275
2 0.661048 0.100707 0.013862 0.012275
3 0.180964 0.457921 0.013185 0.012163
3 0.722998 0.399015 0.013185 0.012163
