0 0.308629 0.187660 0.424543 0.017905
0 0.625190 0.302761 0.098117 0.017905
0 0.605198 0.784289 0.219145 0.017905
0 0.505759 0.115308 0.187972 0.017905
0 0.338435 0.231197 0.177721 0.017905
1 0.082282 0.567965 0.148596 0.022381
1 0.340349 0.014424 0.397705 0.022381
1 0.393848 0.878727 0.415813 0.022381
1 0.577696 0.620086 0.011141 0.013517
2 0.362994 0.317381 0.011141 0.013517
2 0.745296 0.093848 0.011141 0.013517
3 0.034088 0.735902 0.010597 0.013393
3 0.553594 0.839784 0.010597 0.013393
