0 0.456514 0.839460 0.408802 0.030488
0 0.458166 0.894690 0.690042 0.030488
0 0.746054 0.177088 0.275904 0.030488
0 0.257138 0.784912 0.323816 0.030488
0 0.332633 0.179371 0.335026 0.030488
1 0.234310 0.383764 0.334108 0.038110
1 0.333793 0.243297 0.217330 0.038110
1 0.069229 0.514269 0.068191 0.038110
1 0.543803 0.035002 0.019836 0.023016
2 0.828264 0.443271 0.019836 0.023016
2 0.541724 0.680583 0.019836 0.023016
3 0.803343 0.606842 0.018868 0.022805
3 0.124940 0.606334 0.018868 0.022805
