0 0.669302 0.293369 0.331619 0.018450
0 0.776911 0.109356 0.378405 0.018450
0 0.569301 0.891823 0.798855 0.018450
0 0.491785 0.452803 0.748576 0.018450
0 0.797371 0.134050 0.332039 0.018450
1 0.343881 0.263291 0.612719 0.023063
1 0.533610 0.180768 0.667954 0.023063
1 0.758918 0.333916 0.142016 0.023063
1 0.849007 0.235312 0.019955 0.013928
2 0.589044 0.680288 0.019955 0.013928
2 0.532078 0.717779 0.019955 0.013928
3 0.914933 0.185913 0.018981 0.013801
3 0.366997 0.580757 0.018981 0.013801
