0 0.824834 0.677471 0.186634 0.025284
0 0.287021 0.609077 0.445996 0.025284
0 0.523717 0.827996 0.524883 0.025284
0 0.347038 0.191200 0.459367 0.025284
0 0.822050 0.469663 0.117631 0.025284
1 0.797900 0.878210 0.193485 0.031606
1 0.251226 0.240970 0.472760 0.031606
1 0.213657 0.422977 0.332682 0.031606
1 0.876800 0.421377 0.206356 0.031606
2 0.182737 0.060979 0.013804 0.019088
2 0.865934 0.374933 0.013804 0.019088
3 0.909543 0.965610 0.013131 0.018913
3 0.037102 0.070332 0.013131 0.018913
