0 0.850223 0.959781 0.266866 0.045977
0 0.373717 0.781963 0.013096 0.045977
0 0.195539 0.767073 0.275040 0.045977
0 0.524312 0.678915 0.290054 0.045977
0 0.156455 0.948401 0.257788 0.045977
1 0.635933 0.830931 0.380224 0.057471
1 0.524818 0.066155 0.334580 0.057471
1 0.498129 0.400968 0.212133 0.057471
1 0.689982 0.151981 0.011141 0.034709
2 0.717690 0.270192 0.011141 0.034709
2 0.238201 0.691461 0.011141 0.034709
3 0.981142 0.053521 0.010597 0.034391
3 0.781656 0.260256 0.010597 0.034391
