0 0.722797 0.618615 0.280280 0.019361
0 0.461571 0.584843 0.230676 0.019361
0 0.318803 0.545593 0.209307 0.019361
0 0.149454 0.035062 0.028352 0.019361
0 0.177569 0.238351 0.274948 0.019361
1 0.349431 0.210563 0.227043 0.024201
1 0.821269 0.105422 0.111821 0.024201
1 0.612963 0.138280 0.153640 0.024201
1 0.739197 0.388755 0.011042 0.014616
2 0.375426 0.718830 0.011042 0.014616
2 0.479071 0.374117 0.011042 0.014616
3 0.486748 0.675215 0.010503 0.014482
3 0.775523 0.175486 0.010503 0.014482
