0 0.195197 0.355732 0.297880 0.043478
0 0.229437 0.819959 0.103477 0.043478
0 0.638531 0.191158 0.194016 0.043478
0 0.912893 0.714516 0.116443 0.043478
0 0.330787 0.958997 0.073144 0.043478
1 0.762412 0.617680 0.276754 0.054348
1 0.676496 0.846637 0.260793 0.054348
1 0.696405 0.922317 0.489859 0.054348
1 0.933822 0.467687 0.014570 0.032822
2 0.150114 0.531353 0.014570 0.032822
2 0.882592 0.306643 0.014570 0.032822
3 0.857152 0.406713 0.013858 0.032522
3 0.470768 0.817989 0.013858 0.032522
