0 0.822082 0.667169 0.257287 0.016722
0 0.709014 0.033076 0.522632 0.016722
0 0.703507 0.638812 0.021987 0.016722
0 0.619371 0.850055 0.293267 0.016722
0 0.592316 0.377008 0.487283 0.016722
1 0.605751 0.153630 0.557097 0.020903
1 0.602344 0.544273 0.505239 0.020903
1 0.206184 0.528943 0.279203 0.020903
1 0.272417 0.820352 0.014527 0.012624
2 0.269980 0.084817 0.014527 0.012624
2 0.348403 0.807093 0.014527 0.012624
3 0.127251 0.114093 0.013818 0.012508
3 0.632592 0.440459 0.013818 0.012508
