0 0.575536 0.510907 0.135213 0.017969
0 0.597820 0.037536 0.012633 0.017969
0 0.295303 0.186122 0.066438 0.017969
0 0.724382 0.488044 0.443579 0.017969
0 0.626194 0.147801 0.416338 0.017969
1 0.493935 0.425811 0.370760 0.022462
1 0.278552 0.906187 0.078537 0.022462
1 0.574964 0.955727 0.147147 0.022462
1 0.105564 0.179024 0.011147 0.013565
2 0.236341 0.480724 0.011147 0.013565
2 0.609747 0.666944 0.011147 0.013565
3 0.953871 0.648306 0.010603 0.013441
3 0.679507 0.401952 0.010603 0.013441
