0 0.266215 0.833904 0.269950 0.033841
0 0.873060 0.082239 0.017828 0.033841
0 0.150475 0.768984 0.169067 0.033841
0 0.948403 0.515478 0.066238 0.033841
0 0.384875 0.281769 0.268412 0.033841
1 0.059352 0.519498 0.071344 0.042301
1 0.467001 0.957993 0.327040 0.042301
1 0.527127 0.463340 0.267585 0.042301
1 0.277358 0.410688 0.014517 0.025547
2 0.199415 0.918353 0.014517 0.025547
2 0.079793 0.927522 0.014517 0.025547
3 0.545750 0.593288 0.013808 0.025313
3 0.453424 0.743913 0.013808 0.025313
