0 0.606398 0.802091 0.415272 0.028986
0 0.334158 0.461130 0.297790 0.028986
0 0.313323 0.984907 0.211726 0.028986
0 0.675708 0.373990 0.349379 0.028986
0 0.421630 0.646229 0.391954 0.028986
1 0.723729 0.124649 0.152485 0.036232
1 0.862255 0.479015 0.173678 0.036232
1 0.574057 0.310576 0.291437 0.036232
1 0.525252 0.085792 0.014370 0.021882
2 0.507769 0.068223 0.014370 0.021882
2 0.341388 0.912684 0.014370 0.021882
3 0.936386 0.168691 0.013669 0.021681
3 0.574243 0.160581 0.013669 0.021681
