0 0.363446 0.684507 0.384727 0.028090
0 0.759168 0.855991 0.408397 0.028090
0 0.444701 0.339922 0.240555 0.028090
0 0.743780 0.236501 0.379753 0.028090
0 0.450637 0.198015 0.058575 0.028090
1 0.418896 0.383298 0.482469 0.035112
1 0.269791 0.868568 0.290936 0.035112
1 0.498667 0.017680 0.051708 0.035112
1 0.782081 0.130858 0.384801 0.035112
2 0.295398 0.106010 0.013506 0.021206
2 0.352160 0.421246 0.013506 0.021206
3 0.774082 0.979194 0.012847 0.021011
3 0.678655 0.561289 0.012847 0.021011
