0 0.450094 0.399968 0.563155 0.020020
0 0.780247 0.074255 0.412994 0.020020
0 0.518746 0.128768 0.697724 0.020020
0 0.422609 0.985689 0.385066 0.020020
0 0.596872 0.947921 0.355212 0.020020
1 0.226711 0.639409 0.445629 0.025025
1 0.610220 0.507039 0.351037 0.025025
1 0.441580 0.329901 0.599507 0.025025
1 0.028400 0.884900 0.017522 0.015113
2 0.715133 0.913479 0.017522 0.015113
2 0.193747 0.461317 0.017522 0.015113
3 0.718729 0.461146 0.016667 0.014975
3 0.677116 0.971310 0.016667 0.014975
