0 0.624704 0.730825 0.468762 0.016090
0 0.814359 0.222186 0.116078 0.016090
0 0.815412 0.636561 0.270659 0.016090
0 0.486621 0.469249 0.314244 0.016090
0 0.642103 0.763532 0.454645 0.016090
1 0.379879 0.704229 0.604609 0.020113
1 0.501787 0.351739 0.224748 0.020113
1 0.606405 0.500599 0.452396 0.020113
1 0.393180 0.268315 0.019006 0.012147
2 0.168001 0.647025 0.019006 0.012147
2 0.853395 0.557830 0.019006 0.012147
3 0.095981 0.152096 0.018078 0.012035
3 0.868825 0.271355 0.018078 0.012035
