0 0.419162 0.955855 0.331316 0.018116
0 0.559390 0.661621 0.304194 0.018116
0 0.813750 0.629847 0.325732 0.018116
0 0.561250 0.721757 0.453143 0.018116
0 0.414277 0.301262 0.448511 0.018116
1 0.428205 0.440603 0.023085 0.022645
1 0.497555 0.894782 0.039425 0.022645
1 0.481688 0.414230 0.156738 0.022645
1 0.706818 0.879498 0.014840 0.013676
2 0.562301 0.977436 0.014840 0.013676
2 0.192195 0.933877 0.014840 0.013676
3 0.137231 0.863734 0.014116 0.013551
3 0.192824 0.560710 0.014116 0.013551
