0 0.609089 0.426333 0.208164 0.051813
0 0.868551 0.342378 0.243649 0.051813
0 0.428591 0.243568 0.469503 0.051813
0 0.910243 0.420946 0.052703 0.051813
0 0.788729 0.749287 0.254214 0.051813
1 0.658973 0.964101 0.603671 0.064767
1 0.378824 0.796563 0.326049 0.064767
1 0.293009 0.569942 0.443393 0.064767
1 0.683289 0.322115 0.017043 0.039115
2 0.014129 0.203520 0.017043 0.039115
2 0.166110 0.490573 0.017043 0.039115
3 0.095396 0.493612 0.016212 0.038756
3 0.191612 0.940280 0.016212 0.038756
