0 0.464703 0.649944 0.407256 0.018692
0 0.602854 0.160334 0.424406 0.018692
0 0.625545 0.399480 0.078322 0.018692
0 0.521794 0.053282 0.378049 0.018692
0 0.120523 0.174377 0.011955 0.018692
1 0.705051 0.526379 0.280251 0.023364
1 0.712838 0.912294 0.192557 0.023364
1 0.086971 0.296578 0.036561 0.023364
1 0.947437 0.759354 0.010648 0.014111
2 0.390509 0.363911 0.010648 0.014111
2 0.670230 0.600128 0.010648 0.014111
3 0.542456 0.363519 0.010128 0.013981
3 0.217418 0.427662 0.010128 0.013981
