0 0.506520 0.630582 0.428092 0.019436
0 0.145001 0.421005 0.017143 0.019436
0 0.686384 0.753644 0.469222 0.019436
0 0.373069 0.178024 0.305999 0.019436
0 0.035176 0.853535 0.008144 0.019436
1 0.419193 0.443206 0.380676 0.024295
1 0.425435 0.024924 0.197098 0.024295
1 0.406580 0.307955 0.570780 0.024295
1 0.544819 0.877286 0.016174 0.014673
2 0.731101 0.971813 0.016174 0.014673
2 0.162195 0.519266 0.016174 0.014673
3 0.610696 0.725148 0.015385 0.014538
3 0.608959 0.964095 0.015385 0.014538
