0 0.312964 0.954316 0.050951 0.032841
0 0.493939 0.784311 0.409014 0.032841
0 0.608021 0.620111 0.250345 0.032841
0 0.457914 0.188518 0.420607 0.032841
0 0.680063 0.857310 0.335350 0.032841
1 0.794912 0.784581 0.016207 0.041051
1 0.188090 0.352136 0.374986 0.041051
1 0.394255 0.449187 0.195894 0.041051
1 0.722627 0.919921 0.011369 0.024792
2 0.861058 0.469940 0.011369 0.024792
2 0.875726 0.824875 0.011369 0.024792
3 0.175137 0.860111 0.010814 0.024565
3 0.154559 0.169091 0.010814 0.024565
