0 0.486373 0.701525 0.247611 0.030257
0 0.375424 0.863701 0.097614 0.030257
0 0.553567 0.581718 0.158183 0.030257
0 0.595124 0.778907 0.427281 0.030257
0 0.805801 0.900982 0.317957 0.030257
1 0.581447 0.500591 0.342888 0.037821
1 0.361109 0.280490 0.287591 0.037821
1 0.290537 0.037969 0.340585 0.037821
1 0.165141 0.546313 0.121788 0.037821
2 0.311934 0.327978 0.011757 0.022842
2 0.586793 0.053277 0.011757 0.022842
3 0.920719 0.451783 0.011183 0.022632
3 0.583771 0.917870 0.011183 0.022632
