0 0.605042 0.482486 0.425576 0.033167
0 0.675751 0.431442 0.308298 0.033167
0 0.722383 0.665800 0.035500 0.033167
0 0.853876 0.587435 0.279721 0.033167
0 0.599071 0.366326 0.330961 0.033167
1 0.901981 0.100642 0.045824 0.041459
1 0.620389 0.535839 0.407348 0.041459
1 0.669374 0.097226 0.301429 0.041459
1 0.086740 0.804688 0.011806 0.025039
2 0.243311 0.216433 0.011806 0.025039
2 0.103737 0.030139 0.011806 0.025039
3 0.603388 0.160813 0.011229 0.024809
3 0.521213 0.020217 0.011229 0.024809
