0 0.653709 0.405767 0.542325 0.016026
0 0.477046 0.664055 0.292296 0.016026
0 0.591734 0.816506 0.571380 0.016026
0 0.232641 0.221959 0.073450 0.016026
0 0.788844 0.784204 0.408917 0.016026
1 0.794095 0.139154 0.404817 0.020032
1 0.513058 0.908478 0.275365 0.020032
1 0.188884 0.720991 0.296408 0.020032
1 0.049955 0.349812 0.015878 0.012098
2 0.023256 0.934824 0.015878 0.012098
2 0.166537 0.928683 0.015878 0.012098
3 0.774198 0.306993 0.015103 0.011987
3 0.473371 0.024485 0.015103 0.011987
