0 0.547997 0.062273 0.149483 0.052632
0 0.219509 0.659061 0.194034 0.052632
0 0.480088 0.263629 0.655547 0.052632
0 0.436136 0.433085 0.584257 0.052632
0 0.421345 0.824120 0.226152 0.052632
1 0.625845 0.141634 0.614015 0.065789
1 0.233147 0.908143 0.065401 0.065789
1 0.502969 0.542291 0.345291 0.065789
1 0.647613 0.889685 0.016899 0.039732
2 0.915647 0.479856 0.016899 0.039732
2 0.777920 0.853350 0.016899 0.039732
3 0.016444 0.232843 0.016074 0.039368
3 0.227131 0.842119 0.016074 0.039368
