0 0.256894 0.434385 0.291563 0.032258
0 0.474913 0.499143 0.217050 0.032258
0 0.478100 0.227163 0.143855 0.032258
0 0.829243 0.625261 0.242294 0.032258
0 0.299401 0.721580 0.200536 0.032258
1 0.532373 0.672725 0.019496 0.040323
1 0.255120 0.905095 0.159517 0.040323
1 0.854046 0.026793 0.106266 0.040323
1 0.484387 0.125049 0.012988 0.024352
2 0.530044 0.935064 0.012988 0.024352
2 0.401523 0.535031 0.012988 0.024352
3 0.790995 0.986191 0.012354 0.024129
3 0.245448 0.035195 0.012354 0.024129
