0 0.863554 0.958270 0.144773 0.020101
0 0.643620 0.923375 0.212939 0.020101
0 0.245377 0.057737 0.143832 0.020101
0 0.276695 0.327547 0.311419 0.020101
0 0.378426 0.773036 0.377735 0.020101
1 0.643331 0.274948 0.270173 0.025126
1 0.697225 0.232859 0.396434 0.025126
1 0.128169 0.027229 0.140181 0.025126
1 0.471620 0.040500 0.011317 0.015174
2 0.546788 0.157326 0.011317 0.015174
2 0.458853 0.357458 0.011317 0.015174
3 0.916001 0.744011 0.010765 0.015035
3 0.514070 0.864451 0.010765 0.015035
