0 0.599026 0.887375 0.434074 0.024938
0 0.392568 0.547191 0.553749 0.024938
0 0.622040 0.457839 0.640428 0.024938
0 0.955852 0.881584 0.035098 0.024938
0 0.482404 0.051319 0.341504 0.024938
1 0.593366 0.393116 0.745742 0.031172
1 0.379733 0.499113 0.344235 0.031172
1 0.619439 0.352983 0.652768 0.031172
1 0.457375 0.951998 0.019995 0.018826
2 0.472614 0.681897 0.019995 0.018826
2 0.934339 0.926875 0.019995 0.018826
3 0.819548 0.553967 0.019019 0.018653
3 0.102322 0.131297 0.019019 0.018653
