0 0.640565 0.222096 0.019056 0.049751
0 0.559602 0.928700 0.152545 0.049751
0 0.775176 0.632836 0.258165 0.049751
0 0.527029 0.311077 0.575181 0.049751
0 0.814643 0.076140 0.075689 0.049751
1 0.071849 0.735823 0.131964 0.062189
1 0.233474 0.710189 0.097815 0.062189
1 0.263218 0.598862 0.447592 0.062189
1 0.872440 0.486927 0.015389 0.037558
2 0.568146 0.677212 0.015389 0.037558
2 0.071542 0.340935 0.015389 0.037558
3 0.627377 0.843183 0.014638 0.037214
3 0.596065 0.096045 0.014638 0.037214
