0 0.506032 0.459738 0.233443 0.021906
0 0.737878 0.174419 0.360330 0.021906
0 0.653603 0.019457 0.151459 0.021906
0 0.799363 0.254252 0.317925 0.021906
0 0.413287 0.764654 0.501769 0.021906
1 0.705554 0.205501 0.432166 0.027382
1 0.765616 0.129214 0.396898 0.027382
1 0.712303 0.583904 0.236404 0.027382
1 0.133720 0.389140 0.017931 0.016537
2 0.142682 0.594758 0.017931 0.016537
2 0.041991 0.130597 0.017931 0.016537
3 0.509199 0.043761 0.017056 0.016386
3 0.140341 0.934914 0.017056 0.016386
