0 0.501174 0.691438 0.203406 0.023697
0 0.250771 0.455140 0.233213 0.023697
0 0.616377 0.316996 0.127951 0.023697
0 0.859924 0.616085 0.276345 0.023697
0 0.528239 0.663192 0.119572 0.023697
1 0.539468 0.243009 0.343161 0.029621
1 0.387188 0.086240 0.280261 0.029621
1 0.317971 0.758285 0.298230 0.029621
1 0.856024 0.719673 0.010328 0.017889
2 0.751775 0.010147 0.010328 0.017889
2 0.924227 0.569954 0.010328 0.017889
3 0.858115 0.765998 0.009824 0.017725
3 0.506811 0.612266 0.009824 0.017725
