0 0.060102 0.350197 0.079844 0.024480
0 0.576943 0.615568 0.234979 0.024480
0 0.570387 0.902657 0.424116 0.024480
0 0.943448 0.712157 0.100954 0.024480
0 0.310691 0.644283 0.317220 0.024480
1 0.402090 0.332295 0.343226 0.030600
1 0.369854 0.455195 0.379320 0.030600
1 0.756834 0.070688 0.030299 0.030600
1 0.143965 0.213649 0.011493 0.018480
2 0.722365 0.169420 0.011493 0.018480
2 0.229505 0.862091 0.011493 0.018480
3 0.182829 0.052342 0.010932 0.018311
3 0.982679 0.216116 0.010932 0.018311
