0 0.617240 0.898487 0.436356 0.029455
0 0.814044 0.691157 0.039478 0.029455
0 0.580333 0.751529 0.047576 0.029455
0 0.667805 0.145523 0.630370 0.029455
0 0.221417 0.188779 0.344447 0.029455
1 0.508310 0.277354 0.485319 0.036819
1 0.616932 0.623948 0.413579 0.036819
1 0.663092 0.710237 0.034122 0.036819
1 0.505985 0.444503 0.015803 0.022236
2 0.712322 0.816459 0.015803 0.022236
2 0.313155 0.221668 0.015803 0.022236
3 0.101702 0.597169 0.015032 0.022032
3 0.607064 0.970291 0.015032 0.022032
