0 0.506347 0.823805 0.412010 0.021459
0 0.639162 0.794045 0.557425 0.021459
0 0.848774 0.587936 0.115613 0.021459
0 0.410776 0.074932 0.096951 0.021459
0 0.672224 0.429321 0.652655 0.021459
1 0.318057 0.552889 0.523052 0.026824
1 0.600176 0.975227 0.615082 0.026824
1 0.185748 0.438976 0.181607 0.026824
1 0.475378 0.206467 0.597106 0.026824
2 0.786516 0.874746 0.016743 0.016200
2 0.368789 0.256421 0.016743 0.016200
3 0.811323 0.685792 0.015926 0.016052
3 0.953213 0.536642 0.015926 0.016052
