0 0.169332 0.445564 0.217810 0.020683
0 0.349663 0.675440 0.236721 0.020683
0 0.536920 0.393660 0.112404 0.020683
0 0.615529 0.141039 0.476768 0.020683
0 0.750873 0.807199 0.058843 0.020683
1 0.718703 0.693187 0.295118 0.025853
1 0.725879 0.926219 0.183740 0.025853
1 0.323533 0.095970 0.453271 0.025853
1 0.682270 0.563775 0.204792 0.025853
2 0.814671 0.081626 0.013552 0.015614
2 0.142701 0.750614 0.013552 0.015614
3 0.816083 0.415453 0.012890 0.015471
3 0.195667 0.290814 0.012890 0.015471
