0 0.665063 0.464192 0.475598 0.018450
0 0.853129 0.798186 0.095136 0.018450
0 0.430224 0.788138 0.248739 0.018450
0 0.421739 0.694555 0.209044 0.018450
0 0.438713 0.725777 0.062284 0.018450
1 0.603820 0.754469 0.344301 0.023063
1 0.747007 0.128322 0.088434 0.023063
1 0.263540 0.347292 0.417571 0.023063
1 0.039345 0.776757 0.013644 0.013928
2 0.342755 0.292601 0.013644 0.013928
2 0.794631 0.041963 0.013644 0.013928
3 0.558874 0.709109 0.012978 0.013801
3 0.723632 0.925242 0.012978 0.013801
