0 0.520502 0.731267 0.652788 0.047619
0 0.590161 0.070788 0.338799 0.047619
0 0.376875 0.429365 0.360264 0.047619
0 0.942865 0.467520 0.098813 0.047619
0 0.506775 0.323367 0.490878 0.047619
1 0.582596 0.832016 0.525022 0.059524
1 0.801084 0.576636 0.056678 0.059524
1 0.364612 0.181762 0.522589 0.059524
1 0.376380 0.913294 0.017584 0.035948
2 0.560186 0.897463 0.017584 0.035948
2 0.076447 0.284191 0.017584 0.035948
3 0.292072 0.537800 0.016725 0.035619
3 0.510526 0.927459 0.016725 0.035619
