0 0.773377 0.153642 0.433961 0.030960
0 0.356324 0.083223 0.270476 0.030960
0 0.918147 0.068913 0.162682 0.030960
0 0.681725 0.060814 0.139047 0.030960
0 0.326237 0.902150 0.295548 0.030960
1 0.498524 0.742637 0.347366 0.038700
1 0.483515 0.285060 0.190772 0.038700
1 0.303723 0.827059 0.465231 0.038700
1 0.921463 0.393900 0.012285 0.023372
2 0.441860 0.451522 0.012285 0.023372
2 0.588759 0.880757 0.012285 0.023372
3 0.090729 0.692522 0.011685 0.023158
3 0.622852 0.986318 0.011685 0.023158
