0 0.539921 0.057603 0.250076 0.016964
0 0.720215 0.036632 0.046915 0.016964
0 0.556962 0.597995 0.248503 0.016964
0 0.791348 0.724593 0.356022 0.016964
0 0.145277 0.573320 0.154286 0.016964
1 0.304015 0.503902 0.162604 0.021204
1 0.742361 0.429913 0.460107 0.021204
1 0.501751 0.234964 0.088135 0.021204
1 0.791871 0.787787 0.012106 0.012806
2 0.040247 0.492092 0.012106 0.012806
2 0.252463 0.369698 0.012106 0.012806
3 0.944526 0.152658 0.011515 0.012689
3 0.962851 0.566478 0.011515 0.012689
