0 0.347878 0.766652 0.397619 0.032258
0 0.456904 0.171629 0.188892 0.032258
0 0.627030 0.545725 0.478116 0.032258
0 0.553556 0.850291 0.035809 0.032258
0 0.643280 0.073960 0.538223 0.032258
1 0.505436 0.126864 0.697706 0.040323
1 0.505426 0.030306 0.192795 0.040323
1 0.357617 0.404070 0.701727 0.040323
1 0.022236 0.958938 0.018773 0.024352
2 0.417750 0.942412 0.018773 0.024352
2 0.549025 0.238056 0.018773 0.024352
3 0.113411 0.203222 0.017857 0.024129
3 0.530313 0.592048 0.017857 0.024129
