0 0.682294 0.527551 0.051897 0.015898
0 0.493850 0.733488 0.114930 0.015898
0 0.454345 0.480291 0.391980 0.015898
0 0.815379 0.639014 0.329801 0.015898
0 0.130140 0.579709 0.175479 0.015898
1 0.325619 0.445337 0.220196 0.019873
1 0.550427 0.677799 0.305619 0.019873
1 0.486519 0.249365 0.034620 0.019873
1 0.746766 0.433940 0.017014 0.012002
2 0.800034 0.483686 0.017014 0.012002
2 0.562984 0.348765 0.017014 0.012002
3 0.692478 0.257014 0.016184 0.011892
3 0.636553 0.658831 0.016184 0.011892
