0 0.685591 0.151201 0.232793 0.024783
0 0.316473 0.984663 0.393655 0.024783
0 0.766653 0.308661 0.041878 0.024783
0 0.314230 0.089158 0.414633 0.024783
0 0.214172 0.500207 0.025178 0.024783
1 0.359348 0.306072 0.372298 0.030979
1 0.696023 0.247810 0.470408 0.030979
1 0.386611 0.913868 0.457895 0.030979
1 0.269279 0.543457 0.012634 0.018709
2 0.625183 0.506952 0.012634 0.018709
2 0.658332 0.204156 0.012634 0.018709
3 0.441201 0.529906 0.012018 0.018538
3 0.559874 0.081234 0.012018 0.018538
