0 0.258165 0.673210 0.466319 0.015949
0 0.280172 0.307023 0.330764 0.015949
0 0.391445 0.745384 0.514747 0.015949
0 0.767472 0.561396 0.058415 0.015949
0 0.450934 0.199700 0.403827 0.015949
1 0.733403 0.896173 0.054406 0.019936
1 0.131214 0.981586 0.039952 0.019936
1 0.310568 0.931825 0.291766 0.019936
1 0.194602 0.834637 0.016942 0.012040
2 0.317923 0.393125 0.016942 0.012040
2 0.466356 0.832344 0.016942 0.012040
3 0.058353 0.618528 0.016115 0.011930
3 0.147968 0.007342 0.016115 0.011930
