0 0.510402 0.687254 0.094839 0.018051
0 0.603151 0.828112 0.393399 0.018051
0 0.734728 0.103571 0.060248 0.018051
0 0.362212 0.960236 0.412215 0.018051
0 0.674042 0.383297 0.155943 0.018051
1 0.292843 0.016379 0.173334 0.022563
1 0.557374 0.471670 0.225876 0.022563
1 0.262773 0.448552 0.350772 0.022563
1 0.120579 0.800469 0.013824 0.013627
2 0.332781 0.744220 0.013824 0.013627
2 0.154725 0.505581 0.013824 0.013627
3 0.598221 0.867306 0.013149 0.013502
3 0.276500 0.677580 0.013149 0.013502
