0 0.308140 0.243794 0.204566 0.020243
0 0.468815 0.353725 0.353742 0.020243
0 0.360768 0.287515 0.353535 0.020243
0 0.809668 0.653972 0.253215 0.020243
0 0.187399 0.146179 0.230961 0.020243
1 0.599152 0.172848 0.378228 0.025304
1 0.435371 0.081110 0.340657 0.025304
1 0.874920 0.458006 0.072997 0.025304
1 0.966912 0.979316 0.011841 0.015282
2 0.011029 0.968504 0.011841 0.015282
2 0.080590 0.348535 0.011841 0.015282
3 0.849476 0.204445 0.011263 0.015142
3 0.897004 0.834336 0.011263 0.015142
