0 0.192006 0.918579 0.135606 0.020513
0 0.657942 0.525794 0.199935 0.020513
0 0.519469 0.943166 0.214959 0.020513
0 0.828324 0.677269 0.162729 0.020513
0 0.533935 0.103530 0.045282 0.020513
1 0.627257 0.802618 0.238242 0.025641
1 0.785629 0.154378 0.311111 0.025641
1 0.251752 0.502771 0.415243 0.025641
1 0.339329 0.683510 0.011600 0.015485
2 0.418396 0.375698 0.011600 0.015485
2 0.513572 0.023177 0.011600 0.015485
3 0.474061 0.520613 0.011034 0.015344
3 0.948737 0.023538 0.011034 0.015344
