0 0.649643 0.724759 0.175540 0.041841
0 0.234550 0.292087 0.123341 0.041841
0 0.726064 0.808878 0.308572 0.041841
0 0.272660 0.741463 0.304770 0.041841
0 0.762591 0.506988 0.120365 0.041841
1 0.836192 0.053834 0.028870 0.052301
1 0.586567 0.341779 0.158806 0.052301
1 0.241301 0.634804 0.400274 0.052301
1 0.488543 0.920204 0.011586 0.031586
2 0.928692 0.468125 0.011586 0.031586
2 0.211720 0.164691 0.011586 0.031586
3 0.555935 0.858182 0.011021 0.031297
3 0.653189 0.538200 0.011021 0.031297
