0 0.832057 0.575180 0.169331 0.048544
0 0.613286 0.289053 0.026421 0.048544
0 0.650391 0.944514 0.343138 0.048544
0 0.515847 0.098211 0.377326 0.048544
0 0.717958 0.687520 0.280158 0.048544
1 0.195899 0.308080 0.142264 0.060680
1 0.334358 0.703955 0.433383 0.060680
1 0.191230 0.578089 0.367368 0.060680
1 0.965829 0.304922 0.012603 0.036646
2 0.437980 0.523380 0.012603 0.036646
2 0.396793 0.486897 0.012603 0.036646
3 0.942116 0.517124 0.011987 0.036311
3 0.515790 0.849940 0.011987 0.036311
