0 0.666692 0.578324 0.253271 0.026810
0 0.716380 0.649969 0.243605 0.026810
0 0.644594 0.369583 0.209162 0.026810
0 0.527101 0.615280 0.560119 0.026810
0 0.416479 0.859719 0.037967 0.026810
1 0.462969 0.239668 0.249510 0.033512
1 0.758574 0.049774 0.322409 0.033512
1 0.272831 0.454782 0.021536 0.033512
1 0.018347 0.882163 0.014047 0.020239
2 0.896862 0.192366 0.014047 0.020239
2 0.757611 0.337006 0.014047 0.020239
3 0.587182 0.520729 0.013361 0.020054
3 0.973570 0.217023 0.013361 0.020054
