0 0.503410 0.663122 0.013826 0.022624
0 0.404885 0.516339 0.611938 0.022624
0 0.573665 0.792763 0.617524 0.022624
0 0.643136 0.604448 0.318604 0.022624
0 0.668559 0.837084 0.565071 0.022624
1 0.603874 0.225891 0.381919 0.028281
1 0.700938 0.984983 0.546960 0.028281
1 0.440205 0.324352 0.600405 0.028281
1 0.511952 0.166110 0.015778 0.017080
2 0.910206 0.653399 0.015778 0.017080
2 0.116052 0.781107 0.015778 0.017080
3 0.029205 0.670538 0.015008 0.016923
3 0.090829 0.850179 0.015008 0.016923
