0 0.678968 0.709452 0.180825 0.045147
0 0.465049 0.524501 0.246727 0.045147
0 0.377889 0.909922 0.196046 0.045147
0 0.320650 0.705530 0.063707 0.045147
0 0.806265 0.077733 0.033991 0.045147
1 0.786394 0.172746 0.305828 0.056433
1 0.882492 0.353812 0.106498 0.056433
1 0.648444 0.835203 0.237523 0.056433
1 0.125477 0.650446 0.010469 0.034082
2 0.904430 0.296272 0.010469 0.034082
2 0.912366 0.818578 0.010469 0.034082
3 0.971415 0.535544 0.009958 0.033770
3 0.271577 0.456539 0.009958 0.033770
