0 0.309015 0.542695 0.198607 0.036298
0 0.327723 0.925813 0.546821 0.036298
0 0.326472 0.677272 0.551209 0.036298
0 0.744480 0.034108 0.477126 0.036298
0 0.632832 0.156985 0.516184 0.036298
1 0.043557 0.065485 0.022315 0.045372
1 0.345775 0.207337 0.486647 0.045372
1 0.658440 0.790630 0.293426 0.045372
1 0.653088 0.920758 0.014634 0.027402
2 0.153478 0.015840 0.014634 0.027402
2 0.834544 0.604221 0.014634 0.027402
3 0.972358 0.137079 0.013919 0.027151
3 0.040786 0.878745 0.013919 0.027151
