0 0.318671 0.512355 0.273011 0.025221
0 0.889489 0.334994 0.198055 0.025221
0 0.373254 0.966569 0.024739 0.025221
0 0.240887 0.243297 0.016059 0.025221
0 0.369235 0.128481 0.161128 0.025221
1 0.327452 0.422958 0.024468 0.031526
1 0.706472 0.378995 0.157989 0.031526
1 0.842705 0.428665 0.209394 0.031526
1 0.066577 0.121775 0.010124 0.019040
2 0.389365 0.667818 0.010124 0.019040
2 0.318994 0.334747 0.010124 0.019040
3 0.364858 0.266926 0.009630 0.018865
3 0.526518 0.782228 0.009630 0.018865
