0 0.449477 0.583293 0.197112 0.045147
0 0.685153 0.311564 0.173554 0.045147
0 0.623545 0.713647 0.512625 0.045147
0 0.713006 0.058101 0.422977 0.045147
0 0.638402 0.833963 0.040787 0.045147
1 0.331218 0.404384 0.369492 0.056433
1 0.388358 0.194108 0.485711 0.056433
1 0.376468 0.915444 0.491144 0.056433
1 0.633922 0.919125 0.013542 0.034082
2 0.669563 0.829484 0.013542 0.034082
2 0.737640 0.546176 0.013542 0.034082
3 0.253832 0.349686 0.012881 0.033770
3 0.768859 0.618479 0.012881 0.033770
