0 0.379703 0.044884 0.583462 0.044346
0 0.312299 0.141981 0.439513 0.044346
0 0.697372 0.928768 0.577578 0.044346
0 0.850321 0.056059 0.101313 0.044346
0 0.541575 0.412283 0.618486 0.044346
1 0.481299 0.717737 0.424619 0.055432
1 0.446482 0.264233 0.701999 0.055432
1 0.868907 0.135724 0.055982 0.055432
1 0.073057 0.731137 0.017756 0.033477
2 0.605813 0.465526 0.017756 0.033477
2 0.677903 0.649962 0.017756 0.033477
3 0.037861 0.586820 0.016889 0.033171
3 0.035035 0.208659 0.016889 0.033171
