0 0.252910 0.935106 0.107558 0.046296
0 0.762084 0.483080 0.245765 0.046296
0 0.679240 0.861912 0.229119 0.046296
0 0.425756 0.693668 0.547031 0.046296
0 0.770646 0.938669 0.180730 0.046296
1 0.645038 0.631182 0.279118 0.057870
1 0.376120 0.506664 0.390568 0.057870
1 0.754222 0.152881 0.166169 0.057870
1 0.873485 0.962693 0.013766 0.034950
2 0.074392 0.645278 0.013766 0.034950
2 0.823188 0.052558 0.013766 0.034950
3 0.051081 0.018986 0.013094 0.034630
3 0.824389 0.627130 0.013094 0.034630
