0 0.862690 0.076111 0.124290 0.016529
0 0.425606 0.845804 0.506557 0.016529
0 0.500490 0.505067 0.590554 0.016529
0 0.261342 0.638156 0.305120 0.016529
0 0.705636 0.898633 0.516513 0.016529
1 0.513776 0.167325 0.484460 0.020661
1 0.373438 0.947046 0.554329 0.020661
1 0.383205 0.336192 0.662140 0.020661
1 0.073176 0.241736 0.017309 0.012478
2 0.865199 0.850663 0.017309 0.012478
2 0.721440 0.677252 0.017309 0.012478
3 0.073046 0.681365 0.016464 0.012364
3 0.401009 0.310849 0.016464 0.012364
