0 0.559351 0.426084 0.483554 0.050125
0 0.508092 0.183613 0.360593 0.050125
0 0.541651 0.594932 0.439858 0.050125
0 0.331366 0.753609 0.238847 0.050125
0 0.063530 0.932930 0.050370 0.050125
1 0.811052 0.943591 0.376032 0.062657
1 0.210817 0.480002 0.149474 0.062657
1 0.732782 0.857584 0.316249 0.062657
1 0.070331 0.447698 0.013579 0.037840
2 0.412570 0.688455 0.013579 0.037840
2 0.799528 0.182230 0.013579 0.037840
3 0.430922 0.698937 0.012916 0.037494
3 0.860452 0.032415 0.012916 0.037494
