0 0.076654 0.404494 0.095114 0.018467
0 0.577239 0.379778 0.172352 0.018467
0 0.748410 0.120175 0.483895 0.018467
0 0.232043 0.701490 0.058713 0.018467
0 0.442678 0.621988 0.455014 0.018467
1 0.421984 0.793093 0.267038 0.023084
1 0.264708 0.872123 0.239241 0.023084
1 0.562396 0.478664 0.263548 0.023084
1 0.712946 0.929111 0.012150 0.013941
2 0.045367 0.021801 0.012150 0.013941
2 0.277746 0.128099 0.012150 0.013941
3 0.027644 0.512093 0.011557 0.013813
3 0.914287 0.680259 0.011557 0.013813
