0 0.400387 0.863696 0.319395 0.035971
0 0.381216 0.535195 0.032810 0.035971
0 0.652820 0.763747 0.457422 0.035971
0 0.217411 0.094924 0.123282 0.035971
0 0.345459 0.382628 0.304089 0.035971
1 0.743717 0.265161 0.467970 0.044964
1 0.239118 0.661259 0.287421 0.044964
1 0.205977 0.586379 0.315073 0.044964
1 0.559528 0.329115 0.012469 0.027155
2 0.235276 0.311884 0.012469 0.027155
2 0.457689 0.969371 0.012469 0.027155
3 0.635157 0.135640 0.011860 0.026906
3 0.672494 0.620898 0.011860 0.026906
