0 0.326879 0.692036 0.442920 0.042017
0 0.403302 0.110908 0.053724 0.042017
0 0.589354 0.340713 0.554627 0.042017
0 0.501028 0.805687 0.568365 0.042017
0 0.687467 0.740682 0.190817 0.042017
1 0.545963 0.509842 0.584904 0.052521
1 0.535785 0.261369 0.672258 0.052521
1 0.337091 0.048825 0.660693 0.052521
1 0.615961 0.866381 0.017370 0.031719
2 0.742879 0.592891 0.017370 0.031719
2 0.473865 0.117640 0.017370 0.031719
3 0.929749 0.938518 0.016522 0.031429
3 0.816457 0.440299 0.016522 0.031429
