0 0.707310 0.185746 0.255298 0.020000
0 0.136122 0.351991 0.188204 0.020000
0 0.673176 0.074288 0.021378 0.020000
0 0.766351 0.384314 0.194048 0.020000
0 0.654912 0.581927 0.340359 0.020000
1 0.448208 0.831563 0.335756 0.025000
1 0.287026 0.751304 0.552685 0.025000
1 0.502135 0.247159 0.194878 0.025000
1 0.098802 0.827859 0.015121 0.015098
2 0.770255 0.429390 0.015121 0.015098
2 0.064157 0.328693 0.015121 0.015098
3 0.644457 0.489546 0.014383 0.014960
3 0.114124 0.087648 0.014383 0.014960
