0 0.496057 0.445034 0.208743 0.019531
0 0.403758 0.730643 0.185870 0.019531
0 0.319693 0.632224 0.241590 0.019531
0 0.735655 0.977112 0.250227 0.019531
0 0.340904 0.173557 0.288738 0.019531
1 0.476998 0.566357 0.399683 0.024414
1 0.841568 0.451049 0.141576 0.024414
1 0.093264 0.778173 0.179090 0.024414
1 0.653853 0.387660 0.125874 0.024414
2 0.475699 0.877077 0.010244 0.014744
2 0.552527 0.874051 0.010244 0.014744
3 0.178534 0.937226 0.009744 0.014609
3 0.084756 0.242436 0.009744 0.014609
