0 0.501501 0.256812 0.383600 0.016026
0 0.714188 0.023464 0.415251 0.016026
0 0.364333 0.759929 0.146501 0.016026
0 0.736461 0.625720 0.347799 0.016026
0 0.838017 0.646493 0.150810 0.016026
1 0.189731 0.239164 0.132079 0.020032
1 0.201187 0.515875 0.393151 0.020032
1 0.284923 0.036118 0.077168 0.020032
1 0.078598 0.177107 0.011506 0.012098
2 0.779825 0.726053 0.011506 0.012098
2 0.486413 0.156304 0.011506 0.012098
3 0.078222 0.967246 0.010945 0.011987
3 0.573320 0.913821 0.010945 0.011987
