0 0.615022 0.120397 0.379214 0.025189
0 0.169401 0.944821 0.094972 0.025189
0 0.274902 0.707958 0.192530 0.025189
0 0.661878 0.673796 0.227190 0.025189
0 0.688356 0.558391 0.352452 0.025189
1 0.139529 0.496664 0.206557 0.031486
1 0.372978 0.790271 0.366678 0.031486
1 0.256066 0.237093 0.309501 0.031486
1 0.940962 0.544038 0.010387 0.019016
2 0.031771 0.340098 0.010387 0.019016
2 0.814388 0.743318 0.010387 0.019016
3 0.272859 0.274554 0.009880 0.018841
3 0.474862 0.649245 0.009880 0.018841
