0 0.597181 0.652152 0.425449 0.018993
0 0.390763 0.102721 0.367366 0.018993
0 0.196056 0.516162 0.289003 0.018993
0 0.617712 0.555916 0.264774 0.018993
0 0.605722 0.140209 0.523551 0.018993
1 0.669386 0.953451 0.435520 0.023742
1 0.349522 0.721632 0.449431 0.023742
1 0.339207 0.753751 0.094354 0.023742
1 0.131695 0.395160 0.133204 0.023742
2 0.901417 0.917741 0.014067 0.014338
2 0.218188 0.597397 0.014067 0.014338
3 0.443001 0.269768 0.013380 0.014207
3 0.649491 0.367417 0.013380 0.014207
