0 0.476555 0.467787 0.100909 0.039448
0 0.799889 0.494432 0.041758 0.039448
0 0.395104 0.047820 0.300808 0.039448
0 0.691209 0.333244 0.163577 0.039448
0 0.656120 0.544359 0.216056 0.039448
1 0.932416 0.845008 0.055496 0.049310
1 0.870448 0.229404 0.078093 0.049310
1 0.427310 0.851610 0.265094 0.049310
1 0.140363 0.318558 0.011401 0.029780
2 0.286219 0.864138 0.011401 0.029780
2 0.545435 0.737935 0.011401 0.029780
3 0.086989 0.022495 0.010845 0.029507
3 0.962970 0.329049 0.010845 0.029507
