0 0.488338 0.569231 0.023896 0.021858
0 0.602522 0.820516 0.496864 0.021858
0 0.712574 0.442790 0.029801 0.021858
0 0.631390 0.958425 0.319999 0.021858
0 0.190491 0.114030 0.296242 0.021858
1 0.237092 0.283765 0.038441 0.027322
1 0.190535 0.682897 0.337974 0.027322
1 0.613138 0.248942 0.288178 0.027322
1 0.903484 0.243357 0.013081 0.016501
2 0.310732 0.437622 0.013081 0.016501
2 0.779571 0.102921 0.013081 0.016501
3 0.373266 0.329250 0.012443 0.016350
3 0.256564 0.061991 0.012443 0.016350
