0 0.820873 0.333678 0.314868 0.016327
0 0.724951 0.617680 0.089313 0.016327
0 0.139030 0.552871 0.135049 0.016327
0 0.825567 0.431256 0.026995 0.016327
0 0.647743 0.830590 0.279266 0.016327
1 0.708299 0.053634 0.407282 0.020408
1 0.437076 0.370210 0.387804 0.020408
1 0.799366 0.206226 0.210116 0.020408
1 0.636943 0.083430 0.010722 0.012325
2 0.038166 0.107035 0.010722 0.012325
2 0.226459 0.621441 0.010722 0.012325
3 0.068448 0.651692 0.010199 0.012212
3 0.840010 0.124392 0.010199 0.012212
