0 0.267172 0.443390 0.312177 0.023148
0 0.709191 0.527321 0.431704 0.023148
0 0.598885 0.606527 0.445385 0.023148
0 0.849837 0.982152 0.054376 0.023148
0 0.387552 0.704367 0.403885 0.023148
1 0.163321 0.786332 0.321057 0.028935
1 0.325746 0.665907 0.431153 0.028935
1 0.745829 0.777587 0.109962 0.028935
1 0.157125 0.052228 0.012895 0.017475
2 0.598064 0.759151 0.012895 0.017475
2 0.101192 0.245449 0.012895 0.017475
3 0.328808 0.529433 0.012266 0.017315
3 0.230782 0.359156 0.012266 0.017315
