0 0.336167 0.135913 0.303177 0.053476
0 0.397254 0.970752 0.315608 0.053476
0 0.496576 0.622727 0.051305 0.053476
0 0.784972 0.893263 0.372451 0.053476
0 0.274729 0.237372 0.294395 0.053476
1 0.667376 0.600532 0.184087 0.066845
1 0.828960 0.355990 0.313169 0.066845
1 0.257165 0.874470 0.441837 0.066845
1 0.396098 0.620576 0.011097 0.040370
2 0.982354 0.450363 0.011097 0.040370
2 0.367922 0.542376 0.011097 0.040370
3 0.017795 0.824883 0.010556 0.040000
3 0.844242 0.783658 0.010556 0.040000
