0 0.211543 0.923794 0.274563 0.017109
0 0.655550 0.677428 0.120503 0.017109
0 0.296658 0.728152 0.095425 0.017109
0 0.195578 0.450141 0.052543 0.017109
0 0.222610 0.417525 0.131236 0.017109
1 0.677690 0.214577 0.252215 0.021386
1 0.343122 0.294124 0.447019 0.021386
1 0.277949 0.949849 0.345885 0.021386
1 0.558246 0.791763 0.011414 0.012916
2 0.413369 0.612269 0.011414 0.012916
2 0.280301 0.375512 0.011414 0.012916
3 0.381229 0.256651 0.010857 0.012797
3 0.433638 0.649306 0.010857 0.012797
