0 0.298904 0.783235 0.016415 0.020768
0 0.964125 0.554695 0.023325 0.020768
0 0.323690 0.417345 0.112461 0.020768
0 0.454084 0.374491 0.183129 0.020768
0 0.396493 0.744805 0.086791 0.020768
1 0.119605 0.295739 0.179682 0.025961
1 0.673474 0.869733 0.150706 0.025961
1 0.505468 0.462722 0.396194 0.025961
1 0.766167 0.419964 0.010265 0.015678
2 0.773729 0.765444 0.010265 0.015678
2 0.220383 0.576243 0.010265 0.015678
3 0.175039 0.872135 0.009764 0.015535
3 0.788360 0.067523 0.009764 0.015535
