0 0.548735 0.014878 0.520463 0.016722
0 0.413463 0.371798 0.319782 0.016722
0 0.439240 0.927647 0.453290 0.016722
0 0.531653 0.046469 0.228052 0.016722
0 0.561943 0.067432 0.123734 0.016722
1 0.369457 0.704859 0.182237 0.020903
1 0.304214 0.676275 0.457744 0.020903
1 0.794156 0.249749 0.267370 0.020903
1 0.486729 0.632052 0.015484 0.012624
2 0.206562 0.870260 0.015484 0.012624
2 0.100337 0.810362 0.015484 0.012624
3 0.966009 0.428097 0.014729 0.012508
3 0.370645 0.281776 0.014729 0.012508
