0 0.865959 0.422310 0.255805 0.016920
0 0.626652 0.645679 0.289383 0.016920
0 0.664649 0.337450 0.191687 0.016920
0 0.309657 0.951952 0.047316 0.016920
0 0.822839 0.788007 0.177088 0.016920
1 0.708492 0.195833 0.233105 0.021151
1 0.633177 0.145959 0.263136 0.021151
1 0.304572 0.456061 0.243596 0.021151
1 0.309145 0.918765 0.010558 0.012774
2 0.324783 0.408637 0.010558 0.012774
2 0.726620 0.448023 0.010558 0.012774
3 0.051839 0.008357 0.010042 0.012657
3 0.192179 0.229260 0.010042 0.012657
