0 0.702939 0.882115 0.342274 0.025221
0 0.635700 0.621380 0.429758 0.025221
0 0.503045 0.821094 0.604440 0.025221
0 0.305328 0.747039 0.159646 0.025221
0 0.572139 0.379918 0.248701 0.025221
1 0.499461 0.120447 0.474096 0.031526
1 0.618549 0.671205 0.578819 0.031526
1 0.358333 0.070144 0.274238 0.031526
1 0.119881 0.810749 0.018547 0.019040
2 0.989132 0.550084 0.018547 0.019040
2 0.195189 0.986520 0.018547 0.019040
3 0.980445 0.126798 0.017642 0.018865
3 0.604730 0.198919 0.017642 0.018865
