0 0.320738 0.215317 0.465716 0.017905
0 0.464867 0.377188 0.322251 0.017905
0 0.249210 0.629759 0.095248 0.017905
0 0.344678 0.079715 0.469749 0.017905
0 0.740473 0.918837 0.445230 0.017905
1 0.549979 0.984289 0.126280 0.022381
1 0.291068 0.056526 0.370597 0.022381
1 0.671042 0.549074 0.483916 0.022381
1 0.791370 0.979068 0.013616 0.013517
2 0.877239 0.952422 0.013616 0.013517
2 0.225936 0.702909 0.013616 0.013517
3 0.187130 0.906116 0.012952 0.013393
3 0.860175 0.520123 0.012952 0.013393
