0 0.431431 0.738250 0.254539 0.017050
0 0.374704 0.112244 0.319981 0.017050
0 0.520750 0.383799 0.153007 0.017050
0 0.192400 0.608101 0.114288 0.017050
0 0.819963 0.095548 0.175981 0.017050
1 0.452466 0.033398 0.241619 0.021313
1 0.217843 0.317137 0.234739 0.021313
1 0.435599 0.470134 0.341511 0.021313
1 0.600465 0.296606 0.011954 0.012872
2 0.474640 0.438990 0.011954 0.012872
2 0.192914 0.564377 0.011954 0.012872
3 0.522899 0.080904 0.011370 0.012754
3 0.835263 0.436844 0.011370 0.012754
