0 0.554811 0.301640 0.657147 0.040984
0 0.649183 0.420792 0.502529 0.040984
0 0.510166 0.735993 0.451070 0.040984
0 0.462862 0.550213 0.124448 0.040984
0 0.356964 0.673789 0.407312 0.040984
1 0.763155 0.592768 0.262535 0.051230
1 0.318414 0.185305 0.586270 0.051230
1 0.302525 0.047134 0.313598 0.051230
1 0.850027 0.066451 0.017445 0.030939
2 0.315714 0.238399 0.017445 0.030939
2 0.846887 0.702189 0.017445 0.030939
3 0.039930 0.132334 0.016594 0.030656
3 0.405330 0.355968 0.016594 0.030656
