0 0.768775 0.620934 0.419524 0.019589
0 0.693729 0.193974 0.495790 0.019589
0 0.627431 0.969610 0.442194 0.019589
0 0.557846 0.058558 0.286388 0.019589
0 0.097084 0.697323 0.133019 0.019589
1 0.749588 0.283824 0.030181 0.024486
1 0.235030 0.863798 0.241132 0.024486
1 0.858323 0.263312 0.057175 0.024486
1 0.982579 0.179014 0.016563 0.014788
2 0.268173 0.603559 0.016563 0.014788
2 0.210060 0.252168 0.016563 0.014788
3 0.638712 0.150903 0.015755 0.014652
3 0.696264 0.162205 0.015755 0.014652
