0 0.532282 0.354753 0.506673 0.031949
0 0.273643 0.162671 0.016245 0.031949
0 0.345448 0.108307 0.362561 0.031949
0 0.320164 0.899901 0.435238 0.031949
0 0.209572 0.679221 0.291354 0.031949
1 0.551376 0.038659 0.105346 0.039936
1 0.655643 0.499036 0.454462 0.039936
1 0.409167 0.747500 0.391113 0.039936
1 0.936366 0.387230 0.013133 0.024119
2 0.982756 0.549958 0.013133 0.024119
2 0.984194 0.350075 0.013133 0.024119
3 0.958575 0.083600 0.012492 0.023898
3 0.516086 0.966702 0.012492 0.023898
