0 0.438264 0.966838 0.359193 0.031299
0 0.220695 0.918975 0.185993 0.031299
0 0.726852 0.667450 0.491743 0.031299
0 0.518389 0.392928 0.473643 0.031299
0 0.810607 0.317915 0.034069 0.031299
1 0.620603 0.118664 0.137291 0.039124
1 0.669634 0.714486 0.312474 0.039124
1 0.639878 0.508488 0.254005 0.039124
1 0.340780 0.163403 0.013635 0.023628
2 0.328869 0.594409 0.013635 0.023628
2 0.654740 0.597959 0.013635 0.023628
3 0.697463 0.790603 0.012969 0.023412
3 0.090716 0.372382 0.012969 0.023412
