0 0.332960 0.257021 0.069688 0.017361
0 0.611390 0.924416 0.052101 0.017361
0 0.299278 0.860240 0.439022 0.017361
0 0.684818 0.581346 0.291688 0.017361
0 0.424084 0.983904 0.407249 0.017361
1 0.692457 0.176979 0.531656 0.021701
1 0.812148 0.753313 0.221866 0.021701
1 0.057901 0.662198 0.077199 0.021701
1 0.355219 0.651474 0.014517 0.013106
2 0.588780 0.278585 0.014517 0.013106
2 0.896805 0.461752 0.014517 0.013106
3 0.085498 0.376588 0.013808 0.012986
3 0.018129 0.037492 0.013808 0.012986
