0 0.370217 0.302591 0.221519 0.026667
0 0.553412 0.974062 0.520475 0.026667
0 0.722797 0.383568 0.409163 0.026667
0 0.614829 0.209249 0.085463 0.026667
0 0.447985 0.899122 0.125843 0.026667
1 0.245912 0.838714 0.401313 0.033333
1 0.414052 0.630022 0.484095 0.033333
1 0.429909 0.559551 0.471592 0.033333
1 0.494743 0.488756 0.014548 0.020131
2 0.964591 0.661498 0.014548 0.020131
2 0.042423 0.723177 0.014548 0.020131
3 0.550603 0.288644 0.013838 0.019947
3 0.227344 0.371954 0.013838 0.019947
