0 0.451475 0.732112 0.377941 0.021142
0 0.666495 0.980292 0.316582 0.021142
0 0.409462 0.559791 0.304426 0.021142
0 0.564038 0.180422 0.323232 0.021142
0 0.534244 0.823466 0.239092 0.021142
1 0.953945 0.311100 0.048907 0.026427
1 0.401632 0.650768 0.172199 0.026427
1 0.653708 0.314773 0.173778 0.026427
1 0.519315 0.406165 0.010642 0.015960
2 0.079021 0.455487 0.010642 0.015960
2 0.271500 0.137076 0.010642 0.015960
3 0.031791 0.124330 0.010123 0.015814
3 0.710027 0.837888 0.010123 0.015814
