0 0.178326 0.867808 0.215597 0.019940
0 0.499553 0.161349 0.452266 0.019940
0 0.534004 0.275646 0.511994 0.019940
0 0.475830 0.395221 0.282625 0.019940
0 0.617603 0.094542 0.533119 0.019940
1 0.566371 0.214555 0.598362 0.024925
1 0.397731 0.425663 0.558500 0.024925
1 0.427122 0.031799 0.561655 0.024925
1 0.211511 0.806634 0.018547 0.015053
2 0.911119 0.415501 0.018547 0.015053
2 0.812597 0.037843 0.018547 0.015053
3 0.030131 0.490490 0.017642 0.014915
3 0.282820 0.466516 0.017642 0.014915
