0 0.605473 0.090234 0.094971 0.049628
0 0.390758 0.857761 0.319090 0.049628
0 0.860672 0.625933 0.222249 0.049628
0 0.685881 0.736479 0.057692 0.049628
0 0.146713 0.622896 0.134154 0.049628
1 0.636196 0.349393 0.390082 0.062035
1 0.913680 0.058393 0.116191 0.062035
1 0.783192 0.539774 0.365129 0.062035
1 0.588016 0.903811 0.012796 0.037465
2 0.138101 0.955569 0.012796 0.037465
2 0.018908 0.188905 0.012796 0.037465
3 0.519772 0.019947 0.012172 0.037122
3 0.846380 0.069040 0.012172 0.037122
