0 0.587066 0.575143 0.333296 0.016625
0 0.838407 0.394406 0.090434 0.016625
0 0.261998 0.490211 0.191683 0.016625
0 0.317264 0.728953 0.083601 0.016625
0 0.435351 0.840664 0.154894 0.016625
1 0.331336 0.892584 0.291989 0.020781
1 0.428569 0.356081 0.407584 0.020781
1 0.118510 0.595090 0.113659 0.020781
1 0.323662 0.165490 0.011165 0.012551
2 0.644338 0.330005 0.011165 0.012551
2 0.343156 0.045890 0.011165 0.012551
3 0.858310 0.735496 0.010620 0.012436
3 0.904139 0.398453 0.010620 0.012436
