0 0.772649 0.489080 0.180614 0.049505
0 0.669271 0.667966 0.158219 0.049505
0 0.103234 0.275957 0.100608 0.049505
0 0.553872 0.922087 0.149160 0.049505
0 0.493006 0.366053 0.109995 0.049505
1 0.767306 0.236221 0.232190 0.061881
1 0.250859 0.513979 0.139255 0.061881
1 0.557351 0.124228 0.048474 0.061881
1 0.959897 0.846366 0.011778 0.037372
2 0.566247 0.055108 0.011778 0.037372
2 0.385102 0.186084 0.011778 0.037372
3 0.217661 0.953749 0.011203 0.037030
3 0.767605 0.411656 0.011203 0.037030
