0 0.611788 0.578556 0.449023 0.016863
0 0.132143 0.415985 0.174179 0.016863
0 0.469198 0.310457 0.473460 0.016863
0 0.341087 0.964183 0.164299 0.016863
0 0.908296 0.679820 0.110157 0.016863
1 0.666177 0.099993 0.424332 0.021079
1 0.736367 0.231928 0.481965 0.021079
1 0.672662 0.831497 0.494177 0.021079
1 0.413660 0.277642 0.012954 0.012730
2 0.326647 0.847049 0.012954 0.012730
2 0.795217 0.740464 0.012954 0.012730
3 0.531041 0.953591 0.012322 0.012614
3 0.750499 0.756520 0.012322 0.012614
