0 0.769513 0.359785 0.035535 0.024361
0 0.719113 0.393762 0.491170 0.024361
0 0.865383 0.948737 0.245571 0.024361
0 0.640299 0.040243 0.031954 0.024361
0 0.423097 0.091147 0.245789 0.024361
1 0.528897 0.620274 0.225147 0.030451
1 0.366820 0.862537 0.018270 0.030451
1 0.204078 0.249859 0.401871 0.030451
1 0.301579 0.202938 0.014057 0.018390
2 0.916933 0.802971 0.014057 0.018390
2 0.914516 0.724979 0.014057 0.018390
3 0.013733 0.798555 0.013371 0.018222
3 0.011921 0.387081 0.013371 0.018222
