0 0.201638 0.256645 0.108576 0.018382
0 0.279197 0.900041 0.182187 0.018382
0 0.211759 0.834842 0.140393 0.018382
0 0.377663 0.097119 0.463052 0.018382
0 0.596272 0.557226 0.338689 0.018382
1 0.764616 0.327676 0.060027 0.022978
1 0.238272 0.980619 0.238037 0.022978
1 0.423642 0.194952 0.431354 0.022978
1 0.361381 0.740739 0.012912 0.013877
2 0.420502 0.986957 0.012912 0.013877
2 0.898139 0.596371 0.012912 0.013877
3 0.695852 0.466629 0.012282 0.013750
3 0.614345 0.290010 0.012282 0.013750
