0 0.608034 0.279837 0.531622 0.024155
0 0.536006 0.214709 0.478426 0.024155
0 0.552182 0.503496 0.308440 0.024155
0 0.509996 0.029408 0.595642 0.024155
0 0.330811 0.445831 0.384636 0.024155
1 0.469497 0.684908 0.030020 0.030193
1 0.320525 0.351718 0.206127 0.030193
1 0.474657 0.414385 0.531983 0.030193
1 0.891205 0.419737 0.016213 0.018235
2 0.009889 0.569377 0.016213 0.018235
2 0.440785 0.349752 0.016213 0.018235
3 0.843890 0.026862 0.015422 0.018068
3 0.945994 0.724555 0.015422 0.018068
