0 0.426886 0.490241 0.725458 0.055249
0 0.538665 0.772956 0.342260 0.055249
0 0.613895 0.681561 0.725246 0.055249
0 0.465314 0.094436 0.711875 0.055249
0 0.411883 0.880249 0.617324 0.055249
1 0.575055 0.339210 0.560278 0.069061
1 0.162418 0.206057 0.223410 0.069061
1 0.523913 0.959702 0.720431 0.069061
1 0.129989 0.336836 0.018478 0.041708
2 0.243174 0.365276 0.018478 0.041708
2 0.980577 0.164664 0.018478 0.041708
3 0.152001 0.351700 0.017576 0.041326
3 0.046570 0.341967 0.017576 0.041326
