0 0.399767 0.825667 0.310162 0.026810
0 0.150303 0.137140 0.098108 0.026810
0 0.341098 0.600701 0.349569 0.026810
0 0.490452 0.447036 0.287833 0.026810
0 0.499692 0.659954 0.010469 0.026810
1 0.707910 0.318159 0.055549 0.033512
1 0.719811 0.232980 0.230490 0.033512
1 0.477584 0.483903 0.149753 0.033512
1 0.685105 0.689479 0.010181 0.020239
2 0.939181 0.140880 0.010181 0.020239
2 0.732734 0.747630 0.010181 0.020239
3 0.723159 0.680822 0.009684 0.020054
3 0.286057 0.774426 0.009684 0.020054
