0 0.428839 0.781922 0.428041 0.054945
0 0.327838 0.698442 0.107098 0.054945
0 0.712431 0.853509 0.121871 0.054945
0 0.690644 0.241854 0.069367 0.054945
0 0.641843 0.376596 0.415770 0.054945
1 0.353059 0.487509 0.447156 0.068681
1 0.524074 0.186719 0.118885 0.068681
1 0.877045 0.502106 0.191901 0.068681
1 0.051289 0.517376 0.013681 0.041479
2 0.357461 0.941412 0.013681 0.041479
2 0.517400 0.895167 0.013681 0.041479
3 0.916934 0.965059 0.013014 0.041099
3 0.562864 0.302486 0.013014 0.041099
