0 0.747037 0.072522 0.227085 0.018467
0 0.300499 0.143401 0.473825 0.018467
0 0.602900 0.620750 0.328284 0.018467
0 0.905847 0.116931 0.168161 0.018467
0 0.539635 0.702898 0.565530 0.018467
1 0.516247 0.736775 0.566159 0.023084
1 0.515777 0.507447 0.417675 0.023084
1 0.779367 0.014054 0.397555 0.023084
1 0.818331 0.051111 0.015213 0.013941
2 0.928395 0.153407 0.015213 0.013941
2 0.028247 0.733982 0.015213 0.013941
3 0.920226 0.776925 0.014471 0.013813
3 0.660341 0.480484 0.014471 0.013813
