0 0.477134 0.671676 0.475609 0.031646
0 0.836567 0.713786 0.015164 0.031646
0 0.534094 0.321083 0.589262 0.031646
0 0.350958 0.428358 0.541358 0.031646
0 0.432677 0.095304 0.508612 0.031646
1 0.569395 0.968615 0.124291 0.039557
1 0.787329 0.617848 0.334496 0.039557
1 0.068070 0.190517 0.122933 0.039557
1 0.254319 0.708590 0.018012 0.023890
2 0.116835 0.585075 0.018012 0.023890
2 0.548932 0.557723 0.018012 0.023890
3 0.054251 0.746506 0.017133 0.023671
3 0.236417 0.370926 0.017133 0.023671
