0 0.612321 0.842351 0.294474 0.020305
0 0.161596 0.845377 0.086505 0.020305
0 0.667731 0.971772 0.523132 0.020305
0 0.532843 0.125307 0.361117 0.020305
0 0.217215 0.786492 0.035984 0.020305
1 0.269543 0.894464 0.373163 0.025381
1 0.290922 0.232021 0.228455 0.025381
1 0.354037 0.470454 0.117320 0.025381
1 0.261391 0.129954 0.014067 0.015328
2 0.162977 0.957054 0.014067 0.015328
2 0.987971 0.035889 0.014067 0.015328
3 0.552193 0.040742 0.013380 0.015188
3 0.617082 0.786684 0.013380 0.015188
