0 0.582328 0.127353 0.389988 0.021413
0 0.303231 0.761216 0.422919 0.021413
0 0.907066 0.202975 0.156972 0.021413
0 0.413524 0.345239 0.461262 0.021413
0 0.526834 0.233011 0.391279 0.021413
1 0.198940 0.557968 0.230492 0.026767
1 0.746022 0.828499 0.289603 0.026767
1 0.491355 0.617302 0.536763 0.026767
1 0.952876 0.488263 0.016240 0.016165
2 0.778729 0.926675 0.016240 0.016165
2 0.565961 0.310930 0.016240 0.016165
3 0.217497 0.116741 0.015447 0.016017
3 0.716651 0.777836 0.015447 0.016017
