0 0.724555 0.274995 0.368418 0.025189
0 0.134872 0.681322 0.072480 0.025189
0 0.912003 0.710322 0.073051 0.025189
0 0.734767 0.859061 0.460280 0.025189
0 0.803628 0.638345 0.054377 0.025189
1 0.292603 0.297226 0.163983 0.031486
1 0.737734 0.408824 0.032145 0.031486
1 0.615548 0.463126 0.023039 0.031486
1 0.922026 0.989248 0.012508 0.019016
2 0.661979 0.947519 0.012508 0.019016
2 0.796043 0.773416 0.012508 0.019016
3 0.923727 0.357025 0.011897 0.018841
3 0.937502 0.145168 0.011897 0.018841
