0 0.730544 0.979521 0.197119 0.040323
0 0.402167 0.288811 0.711494 0.040323
0 0.522392 0.439425 0.647714 0.040323
0 0.613213 0.622756 0.391412 0.040323
0 0.612703 0.778819 0.475480 0.040323
1 0.425737 0.208577 0.542281 0.050403
1 0.360208 0.062183 0.709167 0.050403
1 0.306206 0.878562 0.368170 0.050403
1 0.750187 0.194641 0.019699 0.030440
2 0.061490 0.332751 0.019699 0.030440
2 0.282651 0.703623 0.019699 0.030440
3 0.541370 0.522445 0.018738 0.030161
3 0.210163 0.706570 0.018738 0.030161
