0 0.264904 0.895430 0.447292 0.045045
0 0.151513 0.796890 0.117718 0.045045
0 0.537189 0.087741 0.268714 0.045045
0 0.440314 0.806715 0.166621 0.045045
0 0.555887 0.585442 0.428093 0.045045
1 0.454120 0.687034 0.334029 0.056306
1 0.553398 0.193308 0.381579 0.056306
1 0.137048 0.676968 0.237832 0.056306
1 0.569322 0.398936 0.011222 0.034005
2 0.619980 0.460100 0.011222 0.034005
2 0.110385 0.349384 0.011222 0.034005
3 0.836491 0.552720 0.010674 0.033694
3 0.553181 0.396847 0.010674 0.033694
