0 0.434319 0.737667 0.353275 0.016625
0 0.598189 0.104786 0.461412 0.016625
0 0.080763 0.035802 0.059419 0.016625
0 0.415162 0.942677 0.427522 0.016625
0 0.270183 0.812605 0.081429 0.016625
1 0.280996 0.340931 0.067453 0.020781
1 0.549041 0.148063 0.060965 0.020781
1 0.634065 0.423083 0.203286 0.020781
1 0.597621 0.600420 0.015753 0.012551
2 0.512372 0.489001 0.015753 0.012551
2 0.159182 0.989744 0.015753 0.012551
3 0.867985 0.779694 0.014984 0.012436
3 0.246812 0.835851 0.014984 0.012436
