0 0.327052 0.854077 0.188050 0.017937
0 0.634346 0.171764 0.435449 0.017937
0 0.376451 0.920129 0.432504 0.017937
0 0.281435 0.300030 0.059715 0.017937
0 0.523254 0.500411 0.451036 0.017937
1 0.800803 0.133038 0.197591 0.022422
1 0.505223 0.140391 0.383094 0.022422
1 0.536929 0.410024 0.254213 0.022422
1 0.369937 0.657237 0.012772 0.013541
2 0.891949 0.211302 0.012772 0.013541
2 0.555906 0.881231 0.012772 0.013541
3 0.299805 0.732445 0.012148 0.013417
3 0.142105 0.651627 0.012148 0.013417
