0 0.335293 0.360151 0.467540 0.025940
0 0.321493 0.453644 0.207727 0.025940
0 0.191168 0.257987 0.219243 0.025940
0 0.706276 0.060993 0.566521 0.025940
0 0.485646 0.652482 0.119561 0.025940
1 0.609656 0.118674 0.641608 0.032425
1 0.513563 0.822289 0.709815 0.032425
1 0.222180 0.491441 0.361192 0.032425
1 0.217549 0.706017 0.018077 0.019583
2 0.954798 0.796943 0.018077 0.019583
2 0.300360 0.395323 0.018077 0.019583
3 0.543926 0.931491 0.017195 0.019403
3 0.316184 0.050147 0.017195 0.019403
