0 0.643075 0.457303 0.131819 0.018744
0 0.524918 0.934433 0.329356 0.018744
0 0.508464 0.017024 0.432391 0.018744
0 0.239661 0.651598 0.247212 0.018744
0 0.598951 0.287795 0.338642 0.018744
1 0.647290 0.841111 0.099995 0.023430
1 0.361831 0.688492 0.494223 0.023430
1 0.366511 0.822367 0.419059 0.023430
1 0.932134 0.304315 0.014097 0.014150
2 0.593635 0.163931 0.014097 0.014150
2 0.306698 0.251889 0.014097 0.014150
3 0.467003 0.338133 0.013409 0.014021
3 0.151711 0.944534 0.013409 0.014021
