0 0.386641 0.489640 0.165200 0.020597
0 0.259777 0.251280 0.197519 0.020597
0 0.139976 0.015386 0.160115 0.020597
0 0.605274 0.968325 0.310801 0.020597
0 0.126126 0.275664 0.043596 0.020597
1 0.601894 0.164625 0.200089 0.025747
1 0.350417 0.220441 0.117083 0.025747
1 0.527076 0.034296 0.172517 0.025747
1 0.601914 0.905603 0.012262 0.015549
2 0.288543 0.675947 0.012262 0.015549
2 0.676995 0.807642 0.012262 0.015549
3 0.902515 0.622287 0.011664 0.015407
3 0.819890 0.745874 0.011664 0.015407
