0 0.415820 0.442772 0.596924 0.021436
0 0.492434 0.710361 0.235265 0.021436
0 0.438613 0.203473 0.242332 0.021436
0 0.629911 0.618718 0.332665 0.021436
0 0.299207 0.763629 0.274475 0.021436
1 0.833836 0.387492 0.139725 0.026795
1 0.414746 0.944966 0.428188 0.026795
1 0.097893 0.836796 0.091559 0.026795
1 0.640158 0.170702 0.015283 0.016183
2 0.391159 0.158406 0.015283 0.016183
2 0.751633 0.319754 0.015283 0.016183
3 0.046369 0.391450 0.014537 0.016034
3 0.522369 0.256770 0.014537 0.016034
