0 0.634871 0.109723 0.614168 0.043764
0 0.643450 0.696228 0.141774 0.043764
0 0.485666 0.276521 0.555040 0.043764
0 0.596227 0.958010 0.648868 0.043764
0 0.840218 0.191293 0.198944 0.043764
1 0.459992 0.867297 0.342613 0.054705
1 0.754517 0.615068 0.413117 0.054705
1 0.505502 0.528594 0.597084 0.054705
1 0.462489 0.185864 0.016618 0.033038
2 0.473366 0.337170 0.016618 0.033038
2 0.233719 0.745102 0.016618 0.033038
3 0.981190 0.663274 0.015807 0.032735
3 0.328831 0.323766 0.015807 0.032735
