0 0.304362 0.270595 0.447332 0.033613
0 0.772890 0.201728 0.418407 0.033613
0 0.652982 0.049623 0.285599 0.033613
0 0.367849 0.757322 0.237681 0.033613
0 0.445929 0.101147 0.451552 0.033613
1 0.304393 0.153857 0.339919 0.042017
1 0.383366 0.330466 0.315168 0.042017
1 0.355371 0.539596 0.483109 0.042017
1 0.393562 0.826220 0.016942 0.025375
2 0.273342 0.797035 0.016942 0.025375
2 0.956104 0.665748 0.016942 0.025375
3 0.670543 0.451283 0.016115 0.025143
3 0.504911 0.716210 0.016115 0.025143
