0 0.522176 0.053019 0.400256 0.034602
0 0.448169 0.371462 0.285417 0.034602
0 0.266737 0.821192 0.373167 0.034602
0 0.822500 0.698207 0.254166 0.034602
0 0.653294 0.152964 0.454143 0.034602
1 0.319834 0.171674 0.057724 0.043253
1 0.316155 0.273179 0.317903 0.043253
1 0.581316 0.970892 0.218527 0.043253
1 0.115170 0.419516 0.017708 0.026122
2 0.102189 0.730139 0.017708 0.026122
2 0.116135 0.943126 0.017708 0.026122
3 0.659707 0.515454 0.016844 0.025882
3 0.549157 0.919785 0.016844 0.025882
