0 0.664592 0.490152 0.123334 0.043384
0 0.608939 0.577466 0.292341 0.043384
0 0.585328 0.699781 0.428099 0.043384
0 0.584504 0.844157 0.312400 0.043384
0 0.165860 0.393589 0.218106 0.043384
1 0.699886 0.394107 0.338015 0.054230
1 0.298030 0.472587 0.378087 0.054230
1 0.542121 0.239558 0.405383 0.054230
1 0.928522 0.832976 0.011209 0.032751
2 0.721285 0.293824 0.011209 0.032751
2 0.323783 0.611012 0.011209 0.032751
3 0.784302 0.520563 0.010662 0.032451
3 0.679512 0.972678 0.010662 0.032451
