0 0.616799 0.383990 0.305230 0.016736
0 0.113318 0.253109 0.057745 0.016736
0 0.538369 0.865902 0.473024 0.016736
0 0.237161 0.819383 0.321278 0.016736
0 0.326076 0.056471 0.416333 0.016736
1 0.666007 0.270925 0.315531 0.020921
1 0.393716 0.118237 0.526541 0.020921
1 0.074696 0.879303 0.061384 0.020921
1 0.976163 0.458585 0.014517 0.012635
2 0.148571 0.447299 0.014517 0.012635
2 0.171691 0.943321 0.014517 0.012635
3 0.954868 0.347472 0.013808 0.012519
3 0.761828 0.017945 0.013808 0.012519
