0 0.258104 0.964879 0.013271 0.052770
0 0.501671 0.577570 0.378879 0.052770
0 0.514845 0.844762 0.633466 0.052770
0 0.378665 0.180443 0.260430 0.052770
0 0.631453 0.100388 0.543200 0.052770
1 0.659319 0.274049 0.668210 0.065963
1 0.657172 0.405116 0.538623 0.065963
1 0.280596 0.771234 0.531025 0.065963
1 0.098796 0.422377 0.019299 0.039837
2 0.552748 0.195390 0.019299 0.039837
2 0.654903 0.681285 0.019299 0.039837
3 0.570886 0.021807 0.018357 0.039472
3 0.916047 0.494230 0.018357 0.039472
