0 0.379092 0.942535 0.007585 0.020576
0 0.722859 0.751769 0.069474 0.020576
0 0.115472 0.728860 0.132718 0.020576
0 0.664521 0.016366 0.582564 0.020576
0 0.151037 0.856942 0.072767 0.020576
1 0.777110 0.258406 0.340787 0.025720
1 0.610432 0.427423 0.071807 0.025720
1 0.092779 0.818063 0.179193 0.025720
1 0.470488 0.902068 0.014698 0.015533
2 0.752240 0.183972 0.014698 0.015533
2 0.745551 0.903149 0.014698 0.015533
3 0.771041 0.725053 0.013981 0.015391
3 0.050869 0.790729 0.013981 0.015391
