0 0.235711 0.259889 0.365502 0.016129
0 0.760087 0.710658 0.310123 0.016129
0 0.258567 0.734602 0.122567 0.016129
0 0.342425 0.840387 0.473989 0.016129
0 0.635259 0.674971 0.705950 0.016129
1 0.116232 0.095882 0.040739 0.020161
1 0.393030 0.517238 0.371870 0.020161
1 0.512605 0.414358 0.668843 0.020161
1 0.793747 0.147662 0.019777 0.012176
2 0.451784 0.057485 0.019777 0.012176
2 0.758638 0.470002 0.019777 0.012176
3 0.534324 0.584563 0.018812 0.012065
3 0.296052 0.101941 0.018812 0.012065
