0 0.352767 0.193035 0.426457 0.015924
0 0.405123 0.656293 0.149491 0.015924
0 0.584134 0.251474 0.143992 0.015924
0 0.738668 0.054633 0.437631 0.015924
0 0.577413 0.426088 0.568995 0.015924
1 0.730089 0.939782 0.183970 0.019904
1 0.064912 0.583769 0.072362 0.019904
1 0.198185 0.737739 0.288068 0.019904
1 0.720579 0.396908 0.014454 0.012021
2 0.115307 0.485146 0.014454 0.012021
2 0.296509 0.039131 0.014454 0.012021
3 0.663958 0.712690 0.013748 0.011911
3 0.770714 0.869952 0.013748 0.011911
