0 0.703629 0.423394 0.143055 0.021277
0 0.399926 0.772474 0.264736 0.021277
0 0.265294 0.611813 0.391252 0.021277
0 0.415556 0.435773 0.165107 0.021277
0 0.315413 0.124999 0.173711 0.021277
1 0.378178 0.246979 0.533171 0.026596
1 0.398017 0.347347 0.275649 0.026596
1 0.734806 0.653120 0.130551 0.026596
1 0.627683 0.142985 0.014829 0.016062
2 0.186593 0.888840 0.014829 0.016062
2 0.510487 0.391210 0.014829 0.016062
3 0.792758 0.279054 0.014105 0.015915
3 0.768617 0.767166 0.014105 0.015915
