0 0.748047 0.467670 0.337317 0.018501
0 0.779352 0.303922 0.238227 0.018501
0 0.303950 0.630501 0.271569 0.018501
0 0.501291 0.013470 0.355308 0.018501
0 0.350647 0.166384 0.255515 0.018501
1 0.554970 0.396886 0.042062 0.023127
1 0.669090 0.972126 0.317534 0.023127
1 0.823449 0.368426 0.153246 0.023127
1 0.632120 0.848001 0.013047 0.013967
2 0.922713 0.435138 0.013047 0.013967
2 0.364130 0.924523 0.013047 0.013967
3 0.293541 0.818883 0.012410 0.013839
3 0.472022 0.308305 0.012410 0.013839
