0 0.423703 0.438385 0.159691 0.018850
0 0.521195 0.343227 0.139979 0.018850
0 0.672118 0.729645 0.480546 0.018850
0 0.319435 0.855514 0.522058 0.018850
0 0.753133 0.196138 0.414381 0.018850
1 0.651191 0.885055 0.521162 0.023563
1 0.475829 0.394946 0.054357 0.023563
1 0.180017 0.740886 0.269524 0.023563
1 0.057435 0.639653 0.013211 0.014230
2 0.772053 0.090034 0.013211 0.014230
2 0.336320 0.510091 0.013211 0.014230
3 0.771578 0.605844 0.012566 0.014100
3 0.447734 0.792341 0.012566 0.014100
