0 0.140870 0.331467 0.186740 0.019704
0 0.530858 0.387941 0.352655 0.019704
0 0.660255 0.307932 0.320774 0.019704
0 0.349141 0.740450 0.194767 0.019704
0 0.598769 0.139000 0.779574 0.019704
1 0.601006 0.958636 0.711664 0.024631
1 0.591896 0.456165 0.769475 0.024631
1 0.401815 0.858849 0.350761 0.024631
1 0.391460 0.607529 0.019699 0.014875
2 0.680487 0.182071 0.019699 0.014875
2 0.503961 0.352317 0.019699 0.014875
3 0.915726 0.290086 0.018738 0.014739
3 0.507094 0.430919 0.018738 0.014739
