0 0.626754 0.129649 0.435291 0.033113
0 0.412754 0.840266 0.332481 0.033113
0 0.793100 0.326765 0.127593 0.033113
0 0.476972 0.968138 0.025846 0.033113
0 0.355120 0.767936 0.397207 0.033113
1 0.794988 0.881008 0.142777 0.041391
1 0.554633 0.275627 0.229358 0.041391
1 0.783369 0.624806 0.181998 0.041391
1 0.897675 0.870278 0.011122 0.024997
2 0.277768 0.938961 0.011122 0.024997
2 0.111281 0.553126 0.011122 0.024997
3 0.727261 0.546668 0.010579 0.024768
3 0.907174 0.430639 0.010579 0.024768
