0 0.798329 0.285024 0.218873 0.030581
0 0.313063 0.348590 0.102527 0.030581
0 0.827930 0.132220 0.316306 0.030581
0 0.429182 0.600559 0.138318 0.030581
0 0.527992 0.749238 0.082535 0.030581
1 0.655979 0.751225 0.060391 0.038226
1 0.683483 0.500000 0.453981 0.038226
1 0.811661 0.940343 0.053200 0.038226
1 0.716652 0.706627 0.329526 0.038226
2 0.600804 0.180247 0.013588 0.023086
2 0.255262 0.800461 0.013588 0.023086
3 0.763731 0.198718 0.012925 0.022875
3 0.502456 0.564303 0.012925 0.022875
