0 0.291533 0.478860 0.484160 0.019011
0 0.694933 0.820489 0.301682 0.019011
0 0.594781 0.547685 0.132999 0.019011
0 0.772267 0.139604 0.387522 0.019011
0 0.637730 0.948308 0.372407 0.019011
1 0.597196 0.980345 0.278114 0.023764
1 0.816209 0.761411 0.283037 0.023764
1 0.456089 0.726527 0.465360 0.023764
1 0.768260 0.190166 0.012345 0.014352
2 0.331711 0.862186 0.012345 0.014352
2 0.216609 0.265126 0.012345 0.014352
3 0.072897 0.528391 0.011743 0.014221
3 0.916934 0.066560 0.011743 0.014221
