0 0.732856 0.963350 0.427710 0.018815
0 0.411554 0.116351 0.706957 0.018815
0 0.651755 0.593602 0.659363 0.018815
0 0.610094 0.036863 0.420391 0.018815
0 0.541678 0.526989 0.544267 0.018815
1 0.196285 0.339356 0.372769 0.023518
1 0.238450 0.169072 0.064183 0.023518
1 0.495954 0.554791 0.499557 0.023518
1 0.369333 0.300155 0.018143 0.014204
2 0.213532 0.023054 0.018143 0.014204
2 0.798360 0.203419 0.018143 0.014204
3 0.809158 0.613905 0.017257 0.014073
3 0.967357 0.774989 0.017257 0.014073
