0 0.514490 0.837620 0.059049 0.028986
0 0.409017 0.697236 0.635779 0.028986
0 0.579477 0.877587 0.748423 0.028986
0 0.147887 0.648493 0.042781 0.028986
0 0.626111 0.659960 0.568607 0.028986
1 0.318146 0.566819 0.521545 0.036232
1 0.680842 0.614886 0.616316 0.036232
1 0.785177 0.320741 0.201440 0.036232
1 0.432636 0.966263 0.020035 0.021882
2 0.165109 0.052046 0.020035 0.021882
2 0.908633 0.127882 0.020035 0.021882
3 0.657798 0.908228 0.019057 0.021681
3 0.125920 0.179378 0.019057 0.021681
