0 0.702600 0.152051 0.248438 0.033670
0 0.368708 0.612109 0.271118 0.033670
0 0.322161 0.505089 0.207597 0.033670
0 0.677001 0.570536 0.127725 0.033670
0 0.770471 0.222828 0.243331 0.033670
1 0.797082 0.880892 0.401637 0.042088
1 0.494227 0.946576 0.213619 0.042088
1 0.370466 0.242781 0.315977 0.042088
1 0.175110 0.398132 0.010409 0.025418
2 0.449897 0.785140 0.010409 0.025418
2 0.008344 0.157372 0.010409 0.025418
3 0.135896 0.118541 0.009901 0.025185
3 0.114392 0.806827 0.009901 0.025185
