0 0.053022 0.229057 0.054255 0.022247
0 0.785839 0.122505 0.285879 0.022247
0 0.355086 0.928277 0.133928 0.022247
0 0.630969 0.876757 0.056712 0.022247
0 0.642001 0.212286 0.261126 0.022247
1 0.322457 0.764074 0.175364 0.027809
1 0.633306 0.811484 0.418679 0.027809
1 0.954611 0.062944 0.068880 0.027809
1 0.181366 0.020226 0.012979 0.016795
2 0.750840 0.531806 0.012979 0.016795
2 0.893766 0.893986 0.012979 0.016795
3 0.311179 0.016228 0.012346 0.016641
3 0.938141 0.593753 0.012346 0.016641
