0 0.713902 0.991334 0.064156 0.016129
0 0.639040 0.349395 0.625724 0.016129
0 0.426982 0.483357 0.412836 0.016129
0 0.421807 0.242925 0.675470 0.016129
0 0.429125 0.436184 0.445075 0.016129
1 0.324939 0.731602 0.533355 0.020161
1 0.105723 0.408166 0.031781 0.020161
1 0.223561 0.607412 0.230574 0.020161
1 0.465127 0.868835 0.018934 0.012176
2 0.902301 0.368873 0.018934 0.012176
2 0.457838 0.897827 0.018934 0.012176
3 0.501108 0.504772 0.018009 0.012065
3 0.908525 0.914326 0.018009 0.012065
