0 0.292897 0.248426 0.034560 0.055249
0 0.336550 0.038556 0.338461 0.055249
0 0.311568 0.524772 0.331443 0.055249
0 0.577237 0.713729 0.117810 0.055249
0 0.645386 0.934860 0.507645 0.055249
1 0.231063 0.386195 0.341707 0.069061
1 0.346260 0.121315 0.453164 0.069061
1 0.767562 0.238989 0.415147 0.069061
1 0.133990 0.219695 0.013308 0.041708
2 0.592878 0.136008 0.013308 0.041708
2 0.291396 0.615876 0.013308 0.041708
3 0.743794 0.483407 0.012658 0.041326
3 0.701468 0.393325 0.012658 0.041326
