0 0.809498 0.181991 0.344199 0.035211
0 0.645734 0.644965 0.131322 0.035211
0 0.796447 0.371473 0.151478 0.035211
0 0.344508 0.418762 0.343926 0.035211
0 0.134525 0.600934 0.091248 0.035211
1 0.229340 0.203606 0.290879 0.044014
1 0.618863 0.922590 0.349621 0.044014
1 0.643037 0.508317 0.024208 0.044014
1 0.328418 0.801480 0.015691 0.026582
2 0.816469 0.657832 0.015691 0.026582
2 0.475841 0.230859 0.015691 0.026582
3 0.928826 0.902507 0.014925 0.026338
3 0.755102 0.834637 0.014925 0.026338
