0 0.855506 0.310199 0.239814 0.053908
0 0.181181 0.385904 0.200145 0.053908
0 0.400165 0.868783 0.590282 0.053908
0 0.638724 0.663034 0.432545 0.053908
0 0.460156 0.557305 0.040890 0.053908
1 0.678504 0.099363 0.411220 0.067385
1 0.572985 0.431886 0.270549 0.067385
1 0.568633 0.777561 0.515639 0.067385
1 0.347187 0.667137 0.014907 0.040696
2 0.325871 0.652099 0.014907 0.040696
2 0.639329 0.281594 0.014907 0.040696
3 0.104182 0.297054 0.014179 0.040323
3 0.329639 0.313940 0.014179 0.040323
