0 0.966352 0.791315 0.056899 0.016949
0 0.300130 0.968164 0.377674 0.016949
0 0.502220 0.823916 0.240991 0.016949
0 0.375025 0.053995 0.134945 0.016949
0 0.483683 0.437347 0.274697 0.016949
1 0.490938 0.478026 0.509308 0.021186
1 0.622934 0.532118 0.377169 0.021186
1 0.297909 0.800590 0.294249 0.021186
1 0.801113 0.171068 0.012929 0.012795
2 0.222851 0.667915 0.012929 0.012795
2 0.188466 0.494434 0.012929 0.012795
3 0.176035 0.990092 0.012298 0.012678
3 0.777287 0.052636 0.012298 0.012678
