0 0.956856 0.120849 0.058670 0.021164
0 0.515915 0.481800 0.275978 0.021164
0 0.729399 0.865122 0.245890 0.021164
0 0.538668 0.390062 0.195820 0.021164
0 0.665650 0.015709 0.094806 0.021164
1 0.652516 0.083906 0.248072 0.026455
1 0.467820 0.721425 0.031529 0.026455
1 0.698206 0.787130 0.186122 0.026455
1 0.612315 0.602762 0.010212 0.015977
2 0.030831 0.523021 0.010212 0.015977
2 0.134297 0.949365 0.010212 0.015977
3 0.153300 0.216873 0.009714 0.015831
3 0.920765 0.943496 0.009714 0.015831
