0 0.486273 0.768295 0.095592 0.018692
0 0.312413 0.584782 0.296881 0.018692
0 0.551613 0.377448 0.383608 0.018692
0 0.514368 0.018607 0.393785 0.018692
0 0.248165 0.874477 0.308734 0.018692
1 0.487481 0.677990 0.436564 0.023364
1 0.756590 0.568518 0.415334 0.023364
1 0.257652 0.981113 0.165472 0.023364
1 0.777164 0.828206 0.012837 0.014111
2 0.940360 0.690017 0.012837 0.014111
2 0.499011 0.275791 0.012837 0.014111
3 0.572818 0.459838 0.012211 0.013981
3 0.756740 0.531624 0.012211 0.013981
