0 0.778862 0.298121 0.191282 0.016863
0 0.517549 0.181431 0.193157 0.016863
0 0.748840 0.635130 0.026231 0.016863
0 0.248336 0.270108 0.370305 0.016863
0 0.428297 0.886885 0.378045 0.016863
1 0.396095 0.359420 0.364394 0.021079
1 0.330985 0.823113 0.225848 0.021079
1 0.467374 0.700014 0.442053 0.021079
1 0.904094 0.075731 0.011778 0.012730
2 0.052907 0.656161 0.011778 0.012730
2 0.324099 0.557753 0.011778 0.012730
3 0.416624 0.977004 0.011203 0.012614
3 0.826578 0.923104 0.011203 0.012614
