0 0.739008 0.752609 0.395718 0.022148
0 0.726332 0.139876 0.200235 0.022148
0 0.299794 0.275725 0.183939 0.022148
0 0.740650 0.555286 0.261335 0.022148
0 0.527942 0.888090 0.372833 0.022148
1 0.381963 0.614908 0.025230 0.027685
1 0.623691 0.406991 0.281923 0.027685
1 0.985605 0.668891 0.024976 0.027685
1 0.975382 0.325479 0.010099 0.016720
2 0.052891 0.307751 0.010099 0.016720
2 0.936122 0.562639 0.010099 0.016720
3 0.347760 0.753398 0.009606 0.016567
3 0.842379 0.142202 0.009606 0.016567
