0 0.684388 0.042616 0.351550 0.028860
0 0.599550 0.619833 0.355124 0.028860
0 0.213191 0.159103 0.304838 0.028860
0 0.523437 0.805858 0.407532 0.028860
0 0.729963 0.932038 0.342582 0.028860
1 0.470502 0.944389 0.129117 0.036075
1 0.233805 0.525649 0.320203 0.036075
1 0.725232 0.392637 0.294248 0.036075
1 0.383674 0.267938 0.260683 0.036075
2 0.308183 0.700402 0.010897 0.021787
2 0.940829 0.701970 0.010897 0.021787
3 0.794702 0.687990 0.010366 0.021587
3 0.928476 0.602537 0.010366 0.021587
