0 0.661963 0.715499 0.071742 0.019763
0 0.533888 0.638895 0.406946 0.019763
0 0.125623 0.702118 0.047349 0.019763
0 0.714481 0.286248 0.084943 0.019763
0 0.194779 0.818432 0.134542 0.019763
1 0.746066 0.107666 0.132398 0.024704
1 0.529742 0.679825 0.403604 0.024704
1 0.764110 0.391160 0.178037 0.024704
1 0.353448 0.281091 0.013326 0.014919
2 0.170224 0.209788 0.013326 0.014919
2 0.468681 0.916996 0.013326 0.014919
3 0.404690 0.736112 0.012675 0.014783
3 0.648083 0.970243 0.012675 0.014783
