0 0.401066 0.722198 0.023238 0.016625
0 0.527691 0.259667 0.279107 0.016625
0 0.645290 0.763501 0.142014 0.016625
0 0.550011 0.163079 0.253822 0.016625
0 0.688878 0.380082 0.254780 0.016625
1 0.668092 0.058486 0.101668 0.020781
1 0.573351 0.217231 0.094140 0.020781
1 0.256104 0.056741 0.260964 0.020781
1 0.276982 0.224093 0.010275 0.012551
2 0.778425 0.618778 0.010275 0.012551
2 0.063141 0.958163 0.010275 0.012551
3 0.896784 0.386543 0.009774 0.012436
3 0.044063 0.149525 0.009774 0.012436
