0 0.344026 0.426846 0.042392 0.017050
0 0.349918 0.459358 0.554494 0.017050
0 0.302885 0.729719 0.468574 0.017050
0 0.744632 0.984489 0.241176 0.017050
0 0.665673 0.438384 0.308693 0.017050
1 0.477871 0.635177 0.567845 0.021313
1 0.410961 0.361952 0.030276 0.021313
1 0.326332 0.511285 0.340748 0.021313
1 0.757471 0.468948 0.014862 0.012872
2 0.611117 0.687765 0.014862 0.012872
2 0.120305 0.548844 0.014862 0.012872
3 0.575446 0.528387 0.014137 0.012754
3 0.980905 0.035196 0.014137 0.012754
