0 0.669767 0.853367 0.199815 0.021322
0 0.232850 0.593357 0.100391 0.021322
0 0.549297 0.261086 0.231879 0.021322
0 0.555389 0.309479 0.530603 0.021322
0 0.715775 0.539474 0.479257 0.021322
1 0.783186 0.450935 0.350246 0.026652
1 0.291280 0.116352 0.292995 0.026652
1 0.655652 0.206421 0.168141 0.026652
1 0.977716 0.512967 0.015521 0.016096
2 0.433058 0.212740 0.015521 0.016096
2 0.715123 0.892044 0.015521 0.016096
3 0.989501 0.211145 0.014763 0.015949
3 0.973351 0.421882 0.014763 0.015949
