0 0.406249 0.584298 0.188852 0.016556
0 0.400406 0.889662 0.381527 0.016556
0 0.251019 0.254786 0.103961 0.016556
0 0.414741 0.623087 0.463846 0.016556
0 0.827592 0.497265 0.018400 0.016556
1 0.852288 0.301512 0.216251 0.020695
1 0.677282 0.525710 0.431837 0.020695
1 0.741773 0.939588 0.142775 0.020695
1 0.730438 0.159138 0.012780 0.012499
2 0.645232 0.360885 0.012780 0.012499
2 0.552214 0.828828 0.012780 0.012499
3 0.175684 0.550164 0.012156 0.012384
3 0.060323 0.397128 0.012156 0.012384
