0 0.414583 0.713985 0.415334 0.025413
0 0.265547 0.094275 0.314377 0.025413
0 0.319666 0.167859 0.384643 0.025413
0 0.505323 0.897318 0.613557 0.025413
0 0.351530 0.345187 0.579504 0.025413
1 0.469545 0.982183 0.459829 0.031766
1 0.306697 0.225073 0.324855 0.031766
1 0.223129 0.404352 0.301269 0.031766
1 0.813822 0.166841 0.016109 0.019185
2 0.775368 0.508014 0.016109 0.019185
2 0.143866 0.706495 0.016109 0.019185
3 0.769446 0.544910 0.015323 0.019009
3 0.191611 0.970994 0.015323 0.019009
