0 0.458352 0.394519 0.567430 0.016353
0 0.553880 0.928185 0.642121 0.016353
0 0.532963 0.564719 0.280367 0.016353
0 0.456041 0.469628 0.155759 0.016353
0 0.748026 0.354805 0.360752 0.016353
1 0.385311 0.955935 0.430242 0.020442
1 0.506287 0.288282 0.599174 0.020442
1 0.495707 0.609859 0.108654 0.020442
1 0.284284 0.524420 0.449906 0.020442
2 0.872468 0.892574 0.018376 0.012345
2 0.179898 0.893064 0.018376 0.012345
3 0.259743 0.579667 0.017479 0.012232
3 0.724738 0.989773 0.017479 0.012232
