0 0.614863 0.041666 0.502732 0.033003
0 0.905435 0.107287 0.018775 0.033003
0 0.625967 0.351590 0.654644 0.033003
0 0.436090 0.715990 0.176084 0.033003
0 0.432582 0.122310 0.481883 0.033003
1 0.543853 0.466336 0.441088 0.041254
1 0.259190 0.289197 0.201686 0.041254
1 0.457940 0.266882 0.154442 0.041254
1 0.963543 0.297346 0.017461 0.024915
2 0.201505 0.798645 0.017461 0.024915
2 0.509304 0.773597 0.017461 0.024915
3 0.449121 0.224583 0.016608 0.024686
3 0.724013 0.680837 0.016608 0.024686
