0 0.597888 0.495706 0.317037 0.016920
0 0.802296 0.615740 0.274952 0.016920
0 0.313823 0.074217 0.452460 0.016920
0 0.731871 0.122458 0.280524 0.016920
0 0.402347 0.446489 0.250299 0.016920
1 0.661834 0.672472 0.533473 0.021151
1 0.375078 0.273648 0.155037 0.021151
1 0.482666 0.323566 0.149642 0.021151
1 0.671961 0.536443 0.390544 0.021151
2 0.681399 0.645729 0.013729 0.012774
2 0.209765 0.731284 0.013729 0.012774
3 0.633231 0.044948 0.013058 0.012657
3 0.784775 0.300330 0.013058 0.012657
