0 0.455724 0.049656 0.288697 0.016978
0 0.237064 0.461612 0.173590 0.016978
0 0.571418 0.270107 0.768691 0.016978
0 0.765976 0.887653 0.267071 0.016978
0 0.532445 0.206854 0.654002 0.016978
1 0.231868 0.765286 0.441208 0.021222
1 0.793928 0.601234 0.308846 0.021222
1 0.331431 0.597973 0.415518 0.021222
1 0.250012 0.124886 0.019935 0.012817
2 0.830556 0.081330 0.019935 0.012817
2 0.079367 0.562734 0.019935 0.012817
3 0.231429 0.520690 0.018962 0.012699
3 0.853964 0.957184 0.018962 0.012699
