0 0.267590 0.841911 0.319319 0.016736
0 0.460363 0.934980 0.301156 0.016736
0 0.731860 0.595078 0.257720 0.016736
0 0.784026 0.342896 0.398274 0.016736
0 0.162710 0.670978 0.248528 0.016736
1 0.681223 0.718881 0.040891 0.020921
1 0.597424 0.514197 0.203340 0.020921
1 0.847642 0.561932 0.063619 0.020921
1 0.406686 0.599747 0.010688 0.012635
2 0.585717 0.379214 0.010688 0.012635
2 0.917232 0.716541 0.010688 0.012635
3 0.256470 0.183329 0.010166 0.012519
3 0.631440 0.262650 0.010166 0.012519
