0 0.641998 0.984461 0.245209 0.022573
0 0.336403 0.261540 0.142102 0.022573
0 0.630938 0.061661 0.208072 0.022573
0 0.231026 0.793758 0.082580 0.022573
0 0.335889 0.646504 0.254310 0.022573
1 0.695286 0.952976 0.376683 0.028217
1 0.188971 0.890605 0.340835 0.028217
1 0.463243 0.178432 0.121377 0.028217
1 0.117470 0.121367 0.010191 0.017041
2 0.032697 0.674540 0.010191 0.017041
2 0.645923 0.242476 0.010191 0.017041
3 0.139500 0.561408 0.009694 0.016885
3 0.616809 0.681286 0.009694 0.016885
