0 0.681166 0.941969 0.068904 0.022497
0 0.851880 0.680324 0.007062 0.022497
0 0.510025 0.748651 0.259966 0.022497
0 0.335726 0.902534 0.392209 0.022497
0 0.196206 0.603608 0.243655 0.022497
1 0.699572 0.569379 0.168811 0.028121
1 0.695961 0.519098 0.146116 0.028121
1 0.579813 0.339918 0.040655 0.028121
1 0.128607 0.088991 0.010653 0.016984
2 0.362721 0.486870 0.010653 0.016984
2 0.269178 0.468005 0.010653 0.016984
3 0.895919 0.087422 0.010133 0.016828
3 0.131484 0.138776 0.010133 0.016828
