0 0.690444 0.392658 0.211905 0.020325
0 0.466142 0.834960 0.388556 0.020325
0 0.123579 0.582528 0.093377 0.020325
0 0.862572 0.125515 0.233508 0.020325
0 0.799583 0.567082 0.290879 0.020325
1 0.427026 0.574276 0.157087 0.025407
1 0.525311 0.514557 0.146164 0.025407
1 0.417280 0.945240 0.028633 0.025407
1 0.687469 0.170229 0.012484 0.015344
2 0.610566 0.480673 0.012484 0.015344
2 0.017230 0.569465 0.012484 0.015344
3 0.014041 0.420695 0.011875 0.015203
3 0.509190 0.352674 0.011875 0.015203
