0 0.335324 0.323702 0.373688 0.021645
0 0.617954 0.114680 0.257692 0.021645
0 0.683494 0.976547 0.238624 0.021645
0 0.667040 0.530431 0.271881 0.021645
0 0.543506 0.868347 0.143018 0.021645
1 0.540936 0.372577 0.381337 0.027056
1 0.249096 0.695406 0.441988 0.027056
1 0.808479 0.560245 0.294340 0.027056
1 0.612636 0.916980 0.012143 0.016340
2 0.322396 0.459350 0.012143 0.016340
2 0.100168 0.315272 0.012143 0.016340
3 0.930477 0.470831 0.011550 0.016190
3 0.044407 0.429390 0.011550 0.016190
