0 0.672637 0.047131 0.436451 0.042105
0 0.827952 0.794031 0.290673 0.042105
0 0.613415 0.248811 0.414652 0.042105
0 0.760513 0.733886 0.033559 0.042105
0 0.275605 0.965129 0.257391 0.042105
1 0.418825 0.840317 0.436755 0.052632
1 0.887683 0.352614 0.082818 0.052632
1 0.826809 0.968274 0.152739 0.052632
1 0.069926 0.588026 0.011593 0.031786
2 0.987651 0.863924 0.011593 0.031786
2 0.260325 0.121170 0.011593 0.031786
3 0.491937 0.187106 0.011027 0.031495
3 0.827765 0.487395 0.011027 0.031495
