0 0.283515 0.288299 0.385143 0.018779
0 0.457501 0.603292 0.494615 0.018779
0 0.592160 0.225531 0.439525 0.018779
0 0.283574 0.253767 0.072045 0.018779
0 0.285226 0.116311 0.285899 0.018779
1 0.489099 0.831768 0.309438 0.023474
1 0.717231 0.027060 0.037746 0.023474
1 0.551014 0.737483 0.489815 0.023474
1 0.699523 0.762175 0.013334 0.014177
2 0.909874 0.459599 0.013334 0.014177
2 0.100502 0.345206 0.013334 0.014177
3 0.896785 0.252789 0.012684 0.014047
3 0.228436 0.210454 0.012684 0.014047
