0 0.814291 0.820011 0.020075 0.038685
0 0.460719 0.437553 0.415047 0.038685
0 0.583619 0.710555 0.106454 0.038685
0 0.582136 0.624326 0.409290 0.038685
0 0.636783 0.271347 0.446850 0.038685
1 0.680760 0.850330 0.196787 0.048356
1 0.666580 0.189609 0.087678 0.048356
1 0.259383 0.509024 0.324974 0.048356
1 0.850145 0.538435 0.012399 0.029204
2 0.149206 0.730341 0.012399 0.029204
2 0.464213 0.066230 0.012399 0.029204
3 0.777464 0.217110 0.011794 0.028936
3 0.241660 0.244191 0.011794 0.028936
