0 0.924550 0.914538 0.116392 0.022173
0 0.537531 0.408033 0.430801 0.022173
0 0.484219 0.947888 0.459236 0.022173
0 0.637527 0.323413 0.557119 0.022173
0 0.519144 0.106665 0.353365 0.022173
1 0.310560 0.779376 0.587994 0.027716
1 0.395196 0.233816 0.357121 0.027716
1 0.408667 0.722776 0.564209 0.027716
1 0.377843 0.822286 0.014687 0.016739
2 0.459258 0.563970 0.014687 0.016739
2 0.288269 0.463987 0.014687 0.016739
3 0.196698 0.862972 0.013971 0.016585
3 0.791078 0.460360 0.013971 0.016585
