0 0.547527 0.234847 0.729576 0.016461
0 0.383425 0.452473 0.487837 0.016461
0 0.553681 0.482304 0.740679 0.016461
0 0.403465 0.986932 0.014663 0.016461
0 0.206288 0.622971 0.134775 0.016461
1 0.805424 0.437148 0.137254 0.020576
1 0.620698 0.860012 0.494502 0.020576
1 0.424694 0.387618 0.233560 0.020576
1 0.215899 0.382757 0.019115 0.012427
2 0.305672 0.927330 0.019115 0.012427
2 0.482840 0.787686 0.019115 0.012427
3 0.620745 0.910274 0.018182 0.012313
3 0.640551 0.643338 0.018182 0.012313
