0 0.597813 0.670924 0.466427 0.022910
0 0.561323 0.082873 0.103723 0.022910
0 0.510682 0.261099 0.301071 0.022910
0 0.884536 0.229602 0.090468 0.022910
0 0.283773 0.526709 0.355706 0.022910
1 0.628993 0.960205 0.586119 0.028637
1 0.309431 0.410740 0.293275 0.028637
1 0.566783 0.438446 0.196969 0.028637
1 0.892170 0.197857 0.016306 0.017295
2 0.727033 0.641928 0.016306 0.017295
2 0.591152 0.776202 0.016306 0.017295
3 0.916228 0.694405 0.015510 0.017136
3 0.803772 0.898829 0.015510 0.017136
