0 0.211189 0.945982 0.296613 0.051020
0 0.319805 0.386545 0.315637 0.051020
0 0.439435 0.880773 0.437692 0.051020
0 0.468067 0.585287 0.164174 0.051020
0 0.715155 0.272658 0.231350 0.051020
1 0.299001 0.314553 0.446499 0.063776
1 0.644923 0.089151 0.351985 0.063776
1 0.593291 0.709288 0.453333 0.063776
1 0.140797 0.593524 0.013030 0.038516
2 0.735814 0.836130 0.013030 0.038516
2 0.576977 0.951984 0.013030 0.038516
3 0.102685 0.493151 0.012394 0.038163
3 0.315397 0.233291 0.012394 0.038163
