0 0.466216 0.749703 0.468193 0.028736
0 0.281194 0.218159 0.382057 0.028736
0 0.237496 0.603445 0.095487 0.028736
0 0.258233 0.025362 0.374571 0.028736
0 0.532529 0.113257 0.473249 0.028736
1 0.573660 0.427058 0.043988 0.035920
1 0.540200 0.598685 0.127081 0.035920
1 0.174550 0.939287 0.025463 0.035920
1 0.016198 0.076082 0.015853 0.021693
2 0.832115 0.354609 0.015853 0.021693
2 0.644801 0.012718 0.015853 0.021693
3 0.462161 0.181791 0.015079 0.021494
3 0.541965 0.348264 0.015079 0.021494
