0 0.296069 0.930961 0.094609 0.021882
0 0.236352 0.402310 0.283882 0.021882
0 0.227823 0.155257 0.270126 0.021882
0 0.421602 0.634579 0.035626 0.021882
0 0.736082 0.277386 0.100577 0.021882
1 0.369495 0.335689 0.413506 0.027352
1 0.617784 0.399130 0.412296 0.027352
1 0.228961 0.250751 0.310696 0.027352
1 0.572855 0.898664 0.014506 0.016519
2 0.750963 0.805201 0.014506 0.016519
2 0.192507 0.947100 0.014506 0.016519
3 0.468102 0.828341 0.013798 0.016368
3 0.338690 0.196909 0.013798 0.016368
