0 0.376989 0.897949 0.142898 0.025063
0 0.237888 0.241598 0.207016 0.025063
0 0.749420 0.018146 0.397547 0.025063
0 0.649371 0.698678 0.409935 0.025063
0 0.359765 0.061562 0.053667 0.025063
1 0.879210 0.765557 0.186322 0.031328
1 0.466004 0.755061 0.048895 0.031328
1 0.701122 0.175331 0.288895 0.031328
1 0.319774 0.755239 0.011024 0.018920
2 0.141932 0.917233 0.011024 0.018920
2 0.814302 0.419313 0.011024 0.018920
3 0.348806 0.667197 0.010486 0.018747
3 0.192319 0.761067 0.010486 0.018747
