0 0.752837 0.844645 0.079945 0.042373
0 0.431590 0.560269 0.198249 0.042373
0 0.799666 0.258439 0.307179 0.042373
0 0.346371 0.445955 0.173009 0.042373
0 0.288436 0.109340 0.162717 0.042373
1 0.170662 0.349189 0.116569 0.052966
1 0.478050 0.638746 0.476877 0.052966
1 0.200548 0.751594 0.110783 0.052966
1 0.044870 0.079760 0.012946 0.031988
2 0.475287 0.935938 0.012946 0.031988
2 0.596717 0.478466 0.012946 0.031988
3 0.098285 0.065615 0.012314 0.031695
3 0.740516 0.185864 0.012314 0.031695
