0 0.534085 0.373345 0.572975 0.030675
0 0.576973 0.490281 0.376206 0.030675
0 0.139696 0.230975 0.166237 0.030675
0 0.651937 0.185496 0.613951 0.030675
0 0.555399 0.905435 0.561409 0.030675
1 0.572836 0.573942 0.645424 0.038344
1 0.751352 0.113821 0.219805 0.038344
1 0.765509 0.724432 0.190355 0.038344
1 0.131460 0.792939 0.017599 0.023157
2 0.970422 0.709640 0.017599 0.023157
2 0.280295 0.422220 0.017599 0.023157
3 0.068720 0.595733 0.016740 0.022945
3 0.367696 0.836250 0.016740 0.022945
