0 0.225113 0.286656 0.382302 0.029028
0 0.246949 0.238151 0.144813 0.029028
0 0.875617 0.310630 0.232048 0.029028
0 0.530981 0.811800 0.516921 0.029028
0 0.441614 0.935986 0.276423 0.029028
1 0.445987 0.109053 0.516248 0.036284
1 0.206409 0.176191 0.319213 0.036284
1 0.281136 0.716824 0.284689 0.036284
1 0.058701 0.850131 0.013090 0.021913
2 0.673821 0.705965 0.013090 0.021913
2 0.021112 0.081438 0.013090 0.021913
3 0.016372 0.213194 0.012451 0.021713
3 0.513880 0.681062 0.012451 0.021713
