0 0.489833 0.772855 0.339375 0.021008
0 0.787599 0.123700 0.129913 0.021008
0 0.332592 0.344812 0.180348 0.021008
0 0.434068 0.929723 0.430338 0.021008
0 0.099248 0.224160 0.104532 0.021008
1 0.747635 0.346989 0.140759 0.026261
1 0.599445 0.460422 0.286812 0.026261
1 0.339022 0.845132 0.025007 0.026261
1 0.709096 0.818683 0.011203 0.015860
2 0.158063 0.312224 0.011203 0.015860
2 0.532528 0.537863 0.011203 0.015860
3 0.384466 0.813099 0.010656 0.015714
3 0.597767 0.347756 0.010656 0.015714
