0 0.652564 0.307913 0.341984 0.016694
0 0.709213 0.531124 0.247761 0.016694
0 0.320205 0.880359 0.512627 0.016694
0 0.341860 0.575981 0.202068 0.016694
0 0.627419 0.478837 0.640212 0.016694
1 0.464578 0.270482 0.549029 0.020868
1 0.668921 0.728179 0.321126 0.020868
1 0.538492 0.063302 0.643197 0.020868
1 0.085262 0.459172 0.016319 0.012603
2 0.420654 0.418075 0.016319 0.012603
2 0.907856 0.274107 0.016319 0.012603
3 0.809354 0.939715 0.015523 0.012487
3 0.848202 0.824509 0.015523 0.012487
