0 0.459444 0.934753 0.614574 0.019417
0 0.641442 0.024177 0.443329 0.019417
0 0.357511 0.479607 0.054435 0.019417
0 0.682571 0.430314 0.441988 0.019417
0 0.556828 0.526621 0.590704 0.019417
1 0.314209 0.181082 0.426563 0.024272
1 0.137885 0.367686 0.071330 0.024272
1 0.235160 0.687784 0.091640 0.024272
1 0.117901 0.223449 0.016522 0.014659
2 0.790414 0.198306 0.016522 0.014659
2 0.948154 0.123397 0.016522 0.014659
3 0.550793 0.579401 0.015715 0.014524
3 0.140223 0.596410 0.015715 0.014524
