0 0.518700 0.689036 0.362084 0.018484
0 0.586431 0.638704 0.283207 0.018484
0 0.297631 0.171541 0.249418 0.018484
0 0.303261 0.444315 0.239196 0.018484
0 0.279924 0.401628 0.050231 0.018484
1 0.565451 0.390696 0.271597 0.023105
1 0.672821 0.526015 0.026243 0.023105
1 0.336684 0.601147 0.221190 0.023105
1 0.743433 0.944937 0.010238 0.013954
2 0.304287 0.567303 0.010238 0.013954
2 0.083405 0.127834 0.010238 0.013954
3 0.214217 0.399492 0.009739 0.013826
3 0.829286 0.381124 0.009739 0.013826
