0 0.510461 0.556450 0.350205 0.023121
0 0.925856 0.330178 0.036668 0.023121
0 0.292956 0.806836 0.415151 0.023121
0 0.659795 0.918882 0.493622 0.023121
0 0.428287 0.871536 0.217023 0.023121
1 0.320774 0.718339 0.467074 0.028902
1 0.726836 0.403810 0.349852 0.028902
1 0.244587 0.400600 0.141457 0.028902
1 0.764190 0.295936 0.019895 0.017455
2 0.894067 0.973370 0.019895 0.017455
2 0.306297 0.367584 0.019895 0.017455
3 0.111185 0.138493 0.018924 0.017295
3 0.639478 0.066215 0.018924 0.017295
