0 0.845413 0.126259 0.231267 0.018553
0 0.225718 0.847302 0.393410 0.018553
0 0.142354 0.620082 0.173822 0.018553
0 0.348682 0.231111 0.180256 0.018553
0 0.482095 0.807694 0.278210 0.018553
1 0.816985 0.382684 0.039347 0.023191
1 0.728716 0.083297 0.358750 0.023191
1 0.442750 0.757744 0.305109 0.023191
1 0.360030 0.305541 0.011785 0.014006
2 0.478590 0.884396 0.011785 0.014006
2 0.824237 0.356055 0.011785 0.014006
3 0.831046 0.946950 0.011209 0.013878
3 0.939294 0.980599 0.011209 0.013878
