0 0.457974 0.436480 0.613276 0.016835
0 0.821710 0.915316 0.302469 0.016835
0 0.528498 0.255043 0.413120 0.016835
0 0.667511 0.652300 0.110896 0.016835
0 0.547544 0.087342 0.532633 0.016835
1 0.611307 0.583393 0.622329 0.021044
1 0.295349 0.177105 0.463291 0.021044
1 0.342190 0.048098 0.124154 0.021044
1 0.063366 0.667935 0.015728 0.012709
2 0.380092 0.416856 0.015728 0.012709
2 0.472722 0.007050 0.015728 0.012709
3 0.014150 0.814158 0.014961 0.012593
3 0.057424 0.409918 0.014961 0.012593
