0 0.468437 0.361713 0.273528 0.019724
0 0.502298 0.076793 0.046767 0.019724
0 0.746986 0.983699 0.397792 0.019724
0 0.491490 0.489778 0.182781 0.019724
0 0.562993 0.314252 0.228635 0.019724
1 0.557652 0.609391 0.033318 0.024655
1 0.681379 0.957446 0.366768 0.024655
1 0.486133 0.734393 0.221307 0.024655
1 0.193010 0.868083 0.010176 0.014890
2 0.466475 0.564481 0.010176 0.014890
2 0.564878 0.194844 0.010176 0.014890
3 0.247822 0.602535 0.009679 0.014753
3 0.164300 0.973218 0.009679 0.014753
