0 0.785161 0.825706 0.310297 0.016287
0 0.671698 0.507092 0.473051 0.016287
0 0.117747 0.107788 0.019755 0.016287
0 0.617550 0.971510 0.152259 0.016287
0 0.739274 0.415829 0.345061 0.016287
1 0.576690 0.024132 0.238247 0.020358
1 0.233527 0.708947 0.424330 0.020358
1 0.674670 0.709546 0.184394 0.020358
1 0.823203 0.687728 0.012626 0.012295
2 0.859961 0.441862 0.012626 0.012295
2 0.071329 0.142792 0.012626 0.012295
3 0.393790 0.817340 0.012010 0.012182
3 0.393496 0.105046 0.012010 0.012182
