0 0.528922 0.664011 0.047454 0.040733
0 0.697887 0.526289 0.237719 0.040733
0 0.297831 0.045524 0.465782 0.040733
0 0.105430 0.343580 0.046154 0.040733
0 0.575440 0.166766 0.053484 0.040733
1 0.672649 0.039741 0.189230 0.050916
1 0.230974 0.684088 0.359713 0.050916
1 0.908447 0.967456 0.159781 0.050916
1 0.559883 0.373368 0.016044 0.030750
2 0.076519 0.106188 0.016044 0.030750
2 0.982113 0.220308 0.016044 0.030750
3 0.628860 0.796590 0.015261 0.030468
3 0.971694 0.597582 0.015261 0.030468
