0 0.753695 0.713019 0.421089 0.016625
0 0.221859 0.499812 0.319016 0.016625
0 0.368130 0.825888 0.349094 0.016625
0 0.229901 0.931486 0.007993 0.016625
0 0.407145 0.056990 0.123883 0.016625
1 0.710141 0.244695 0.375539 0.020781
1 0.620730 0.906446 0.371045 0.020781
1 0.314034 0.871381 0.301644 0.020781
1 0.456618 0.711326 0.012739 0.012551
2 0.951449 0.123778 0.012739 0.012551
2 0.526601 0.470051 0.012739 0.012551
3 0.733198 0.780954 0.012117 0.012436
3 0.462951 0.780169 0.012117 0.012436
