0 0.372428 0.625558 0.160797 0.024010
0 0.593466 0.061843 0.501627 0.024010
0 0.759657 0.140229 0.231011 0.024010
0 0.582656 0.853336 0.293894 0.024010
0 0.593152 0.184883 0.430782 0.024010
1 0.262069 0.893859 0.122793 0.030012
1 0.038487 0.221707 0.052679 0.030012
1 0.685433 0.786763 0.229170 0.030012
1 0.423958 0.787829 0.013451 0.018125
2 0.391470 0.547524 0.013451 0.018125
2 0.734069 0.889834 0.013451 0.018125
3 0.875510 0.829092 0.012795 0.017959
3 0.453056 0.381322 0.012795 0.017959
