0 0.548697 0.858207 0.370436 0.018868
0 0.230072 0.699782 0.390428 0.018868
0 0.414008 0.440277 0.383625 0.018868
0 0.373421 0.176220 0.059228 0.018868
0 0.206254 0.796339 0.219677 0.018868
1 0.505879 0.609947 0.348129 0.023585
1 0.160187 0.252929 0.031568 0.023585
1 0.130869 0.596858 0.086619 0.023585
1 0.942784 0.211011 0.013098 0.014244
2 0.566334 0.224636 0.013098 0.014244
2 0.353284 0.119831 0.013098 0.014244
3 0.396431 0.357848 0.012459 0.014113
3 0.259085 0.101032 0.012459 0.014113
