0 0.502584 0.289735 0.254478 0.036036
0 0.821165 0.864814 0.244690 0.036036
0 0.611481 0.163176 0.281052 0.036036
0 0.573178 0.030964 0.481441 0.036036
0 0.643065 0.618984 0.414047 0.036036
1 0.372902 0.708521 0.326088 0.045045
1 0.541578 0.882173 0.202232 0.045045
1 0.226135 0.848757 0.105819 0.045045
1 0.927168 0.362052 0.015041 0.027204
2 0.242910 0.911700 0.015041 0.027204
2 0.085472 0.933619 0.015041 0.027204
3 0.637574 0.664051 0.014307 0.026955
3 0.667061 0.302655 0.014307 0.026955
