0 0.205612 0.691095 0.255592 0.051414
0 0.853680 0.450554 0.090113 0.051414
0 0.554563 0.916333 0.791895 0.051414
0 0.704038 0.828163 0.538271 0.051414
0 0.301468 0.161343 0.388166 0.051414
1 0.424352 0.474196 0.584067 0.064267
1 0.591853 0.595007 0.767620 0.064267
1 0.619841 0.083020 0.086864 0.064267
1 0.915329 0.337515 0.019915 0.038813
2 0.908689 0.200333 0.019915 0.038813
2 0.982921 0.466376 0.019915 0.038813
3 0.678796 0.707160 0.018943 0.038458
3 0.192539 0.574901 0.018943 0.038458
