0 0.511067 0.249707 0.349604 0.046189
0 0.150609 0.352905 0.115775 0.046189
0 0.585594 0.739696 0.371172 0.046189
0 0.520322 0.143152 0.268159 0.046189
0 0.311616 0.813934 0.424481 0.046189
1 0.212157 0.677535 0.422470 0.057737
1 0.367846 0.515316 0.400814 0.057737
1 0.750459 0.464610 0.217883 0.057737
1 0.924114 0.887966 0.012338 0.034869
2 0.877772 0.066512 0.012338 0.034869
2 0.019390 0.246751 0.012338 0.034869
3 0.986921 0.567057 0.011736 0.034550
3 0.431776 0.054729 0.011736 0.034550
