0 0.397651 0.652691 0.151135 0.016653
0 0.616264 0.745360 0.125072 0.016653
0 0.913580 0.418396 0.022681 0.016653
0 0.677448 0.179660 0.350535 0.016653
0 0.480504 0.283627 0.178702 0.016653
1 0.735772 0.949928 0.375921 0.020816
1 0.547099 0.809930 0.498425 0.020816
1 0.150296 0.239701 0.165283 0.020816
1 0.062596 0.080384 0.013107 0.012571
2 0.719523 0.271691 0.013107 0.012571
2 0.503223 0.505556 0.013107 0.012571
3 0.490633 0.323883 0.012467 0.012456
3 0.232514 0.847336 0.012467 0.012456
