0 0.407277 0.617365 0.343507 0.030441
0 0.529461 0.921907 0.416655 0.030441
0 0.461816 0.218977 0.183068 0.030441
0 0.627960 0.736967 0.226821 0.030441
0 0.929318 0.881729 0.006002 0.030441
1 0.564099 0.041300 0.315815 0.038052
1 0.216137 0.490426 0.416690 0.038052
1 0.772316 0.625193 0.239436 0.038052
1 0.339751 0.106005 0.010927 0.022981
2 0.706055 0.287141 0.010927 0.022981
2 0.511345 0.386318 0.010927 0.022981
3 0.569723 0.233219 0.010394 0.022770
3 0.690079 0.175792 0.010394 0.022770
