0 0.520734 0.187445 0.421674 0.033278
0 0.522408 0.852587 0.350403 0.033278
0 0.586602 0.038189 0.318479 0.033278
0 0.206176 0.925174 0.305552 0.033278
0 0.449052 0.503246 0.172369 0.033278
1 0.618359 0.598300 0.324678 0.041597
1 0.604044 0.749199 0.379642 0.041597
1 0.435048 0.361850 0.403997 0.041597
1 0.168810 0.624109 0.012004 0.025122
2 0.337828 0.669686 0.012004 0.025122
2 0.892840 0.753102 0.012004 0.025122
3 0.306274 0.517754 0.011418 0.024892
3 0.287650 0.820807 0.011418 0.024892
