0 0.364981 0.350938 0.258603 0.018657
0 0.312166 0.554605 0.305502 0.018657
0 0.411972 0.213994 0.437336 0.018657
0 0.577567 0.965090 0.595559 0.018657
0 0.779947 0.270478 0.312007 0.018657
1 0.493143 0.680073 0.555092 0.023321
1 0.775088 0.146135 0.428662 0.023321
1 0.709824 0.608508 0.145447 0.023321
1 0.947827 0.870653 0.017461 0.014084
2 0.808044 0.656085 0.017461 0.014084
2 0.794733 0.619329 0.017461 0.014084
3 0.260090 0.703452 0.016608 0.013955
3 0.117593 0.955737 0.016608 0.013955
