0 0.382772 0.944453 0.342216 0.024661
0 0.503939 0.075977 0.364686 0.024661
0 0.794670 0.276757 0.280563 0.024661
0 0.306612 0.841303 0.449965 0.024661
0 0.466972 0.258301 0.223491 0.024661
1 0.586873 0.704870 0.430904 0.030826
1 0.201556 0.617423 0.109904 0.030826
1 0.364367 0.538050 0.421156 0.030826
1 0.835038 0.839925 0.011729 0.018617
2 0.771844 0.636080 0.011729 0.018617
2 0.826851 0.545324 0.011729 0.018617
3 0.040312 0.475986 0.011157 0.018446
3 0.347809 0.185920 0.011157 0.018446
