0 0.363124 0.224113 0.278060 0.025316
0 0.807296 0.105011 0.242581 0.025316
0 0.781657 0.958384 0.150277 0.025316
0 0.791055 0.589600 0.134343 0.025316
0 0.598200 0.434140 0.362043 0.025316
1 0.275396 0.780568 0.091231 0.031646
1 0.370952 0.654801 0.335059 0.031646
1 0.051120 0.063780 0.075406 0.031646
1 0.168589 0.232654 0.011778 0.019112
2 0.049839 0.609477 0.011778 0.019112
2 0.456775 0.036808 0.011778 0.019112
3 0.922290 0.870967 0.011203 0.018937
3 0.304411 0.827307 0.011203 0.018937
