0 0.380400 0.931595 0.443416 0.036900
0 0.541225 0.267645 0.344124 0.036900
0 0.394680 0.726853 0.409466 0.036900
0 0.534470 0.834786 0.276758 0.036900
0 0.474384 0.097202 0.076052 0.036900
1 0.884669 0.415835 0.145863 0.046125
1 0.447635 0.643095 0.742878 0.046125
1 0.746544 0.763068 0.129510 0.046125
1 0.540013 0.428477 0.018703 0.027857
2 0.045836 0.017811 0.018703 0.027857
2 0.416379 0.138720 0.018703 0.027857
3 0.802261 0.225437 0.017790 0.027601
3 0.259891 0.102213 0.017790 0.027601
