0 0.328543 0.965886 0.479984 0.019531
0 0.415040 0.540057 0.733347 0.019531
0 0.678796 0.457674 0.372342 0.019531
0 0.595445 0.093670 0.720770 0.019531
0 0.846310 0.143724 0.201886 0.019531
1 0.711710 0.053085 0.237646 0.024414
1 0.583221 0.483143 0.354787 0.024414
1 0.639466 0.669367 0.384047 0.024414
1 0.295499 0.723967 0.020218 0.014744
2 0.656354 0.247237 0.020218 0.014744
2 0.806735 0.490085 0.020218 0.014744
3 0.378386 0.048752 0.019231 0.014609
3 0.702638 0.789548 0.019231 0.014609
