0 0.165855 0.591466 0.252424 0.017498
0 0.543500 0.610565 0.034074 0.017498
0 0.697546 0.364853 0.504836 0.017498
0 0.684736 0.236138 0.237333 0.017498
0 0.788867 0.943900 0.348035 0.017498
1 0.384309 0.041305 0.045318 0.021872
1 0.686136 0.016229 0.495181 0.021872
1 0.592085 0.537832 0.598976 0.021872
1 0.429124 0.571649 0.016187 0.013209
2 0.264297 0.808253 0.016187 0.013209
2 0.065835 0.951727 0.016187 0.013209
3 0.793966 0.699139 0.015397 0.013088
3 0.849302 0.725154 0.015397 0.013088
