0 0.621432 0.748679 0.461870 0.043290
0 0.676696 0.362315 0.190659 0.043290
0 0.629678 0.863017 0.531130 0.043290
0 0.461512 0.626842 0.415975 0.043290
0 0.956334 0.465999 0.086923 0.043290
1 0.372328 0.260522 0.512380 0.054113
1 0.325722 0.525450 0.605948 0.054113
1 0.534663 0.154786 0.558253 0.054113
1 0.986948 0.705688 0.016109 0.032680
2 0.093546 0.324111 0.016109 0.032680
2 0.957286 0.243088 0.016109 0.032680
3 0.909316 0.415520 0.015323 0.032381
3 0.892577 0.633220 0.015323 0.032381
