0 0.470204 0.174333 0.150913 0.033003
0 0.449660 0.460979 0.243557 0.033003
0 0.592324 0.231138 0.395720 0.033003
0 0.683774 0.376216 0.157771 0.033003
0 0.269365 0.118176 0.321700 0.033003
1 0.127764 0.692658 0.023347 0.041254
1 0.471243 0.643445 0.051482 0.041254
1 0.834632 0.448598 0.167374 0.041254
1 0.953907 0.633025 0.010552 0.024915
2 0.835528 0.365393 0.010552 0.024915
2 0.108591 0.417308 0.010552 0.024915
3 0.025226 0.900753 0.010037 0.024686
3 0.235552 0.234692 0.010037 0.024686
