0 0.051870 0.602883 0.021014 0.030675
0 0.936397 0.755632 0.006868 0.030675
0 0.211139 0.040679 0.321440 0.030675
0 0.789380 0.699958 0.211131 0.030675
0 0.501861 0.274876 0.089364 0.030675
1 0.411325 0.449625 0.183963 0.038344
1 0.571275 0.530290 0.177109 0.038344
1 0.719134 0.657282 0.376742 0.038344
1 0.459490 0.493198 0.010921 0.023157
2 0.478179 0.869108 0.010921 0.023157
2 0.215918 0.718193 0.010921 0.023157
3 0.046083 0.103495 0.010388 0.022945
3 0.515891 0.574159 0.010388 0.022945
