0 0.529879 0.049967 0.374949 0.017575
0 0.150784 0.951390 0.193586 0.017575
0 0.864692 0.801145 0.071987 0.017575
0 0.400905 0.788641 0.374707 0.017575
0 0.184571 0.840242 0.132659 0.017575
1 0.649304 0.669331 0.342821 0.021968
1 0.306434 0.417514 0.043885 0.021968
1 0.729156 0.309058 0.382984 0.021968
1 0.554215 0.011895 0.010286 0.013267
2 0.347716 0.952978 0.010286 0.013267
2 0.267693 0.934364 0.010286 0.013267
3 0.851262 0.456751 0.009784 0.013146
3 0.416395 0.639474 0.009784 0.013146
