0 0.682163 0.379646 0.430315 0.043764
0 0.247927 0.310670 0.240758 0.043764
0 0.427837 0.925814 0.317964 0.043764
0 0.715671 0.549576 0.456457 0.043764
0 0.786342 0.641474 0.344536 0.043764
1 0.437709 0.439551 0.156807 0.054705
1 0.322506 0.530269 0.208373 0.054705
1 0.393360 0.136823 0.261235 0.054705
1 0.595024 0.782319 0.012788 0.033038
2 0.701031 0.762885 0.012788 0.033038
2 0.168715 0.195929 0.012788 0.033038
3 0.117332 0.131319 0.012164 0.032735
3 0.031552 0.375087 0.012164 0.032735
