0 0.721273 0.960642 0.284682 0.027739
0 0.400829 0.562202 0.553615 0.027739
0 0.636280 0.100826 0.657970 0.027739
0 0.673406 0.437050 0.586539 0.027739
0 0.586297 0.273001 0.287411 0.027739
1 0.260785 0.411115 0.038517 0.034674
1 0.891602 0.559131 0.127033 0.034674
1 0.495031 0.663710 0.803737 0.034674
1 0.942162 0.038740 0.020259 0.020941
2 0.294635 0.299848 0.020259 0.020941
2 0.153375 0.882722 0.020259 0.020941
3 0.024352 0.974792 0.019270 0.020749
3 0.465637 0.056524 0.019270 0.020749
