0 0.327858 0.804947 0.440979 0.027360
0 0.604505 0.344197 0.455140 0.027360
0 0.469969 0.633906 0.525051 0.027360
0 0.381731 0.486612 0.491039 0.027360
0 0.420808 0.871774 0.433996 0.027360
1 0.533066 0.426957 0.085995 0.034200
1 0.427888 0.982305 0.557751 0.034200
1 0.728384 0.939454 0.486533 0.034200
1 0.242770 0.174477 0.013988 0.020654
2 0.450725 0.912585 0.013988 0.020654
2 0.705034 0.031051 0.013988 0.020654
3 0.851752 0.452953 0.013305 0.020465
3 0.049325 0.250877 0.013305 0.020465
