0 0.527763 0.222040 0.227748 0.048426
0 0.393534 0.351660 0.149523 0.048426
0 0.782017 0.861379 0.132825 0.048426
0 0.688559 0.161979 0.521791 0.048426
0 0.745582 0.494906 0.060371 0.048426
1 0.434602 0.700293 0.457009 0.060533
1 0.306713 0.898374 0.463929 0.060533
1 0.353755 0.578667 0.259581 0.060533
1 0.527808 0.831391 0.013672 0.036558
2 0.197988 0.545091 0.013672 0.036558
2 0.027894 0.694353 0.013672 0.036558
3 0.432607 0.826245 0.013005 0.036223
3 0.036328 0.207124 0.013005 0.036223
