0 0.352418 0.470553 0.301902 0.022857
0 0.444924 0.059731 0.103698 0.022857
0 0.576019 0.150437 0.610104 0.022857
0 0.360790 0.895348 0.450748 0.022857
0 0.681089 0.117365 0.581482 0.022857
1 0.443960 0.801878 0.447395 0.028571
1 0.626798 0.020868 0.025986 0.028571
1 0.313600 0.600409 0.572214 0.028571
1 0.780944 0.243404 0.016096 0.017255
2 0.094659 0.762143 0.016096 0.017255
2 0.544266 0.684173 0.016096 0.017255
3 0.874564 0.081672 0.015310 0.017097
3 0.977266 0.383357 0.015310 0.017097
