0 0.158651 0.443218 0.085857 0.024272
0 0.631749 0.905325 0.247823 0.024272
0 0.798570 0.945326 0.159505 0.024272
0 0.531902 0.022813 0.134455 0.024272
0 0.397446 0.505815 0.350915 0.024272
1 0.680599 0.420540 0.066312 0.030340
1 0.402165 0.964085 0.083495 0.030340
1 0.505842 0.579510 0.373209 0.030340
1 0.319649 0.549025 0.012422 0.018323
2 0.971274 0.472733 0.012422 0.018323
2 0.814006 0.819302 0.012422 0.018323
3 0.253281 0.391253 0.011816 0.018155
3 0.058045 0.291733 0.011816 0.018155
