0 0.317906 0.353305 0.546966 0.033557
0 0.531810 0.887751 0.525128 0.033557
0 0.819450 0.455569 0.194803 0.033557
0 0.825430 0.727919 0.301132 0.033557
0 0.153458 0.726788 0.119504 0.033557
1 0.309973 0.949346 0.268722 0.041946
1 0.615724 0.174991 0.328115 0.041946
1 0.782272 0.092224 0.365084 0.041946
1 0.763973 0.668010 0.292857 0.041946
2 0.899748 0.915287 0.014974 0.025333
2 0.827413 0.947541 0.014974 0.025333
3 0.396691 0.110959 0.014243 0.025101
3 0.790407 0.542666 0.014243 0.025101
