0 0.481272 0.548115 0.384103 0.019305
0 0.172849 0.809919 0.259068 0.019305
0 0.806105 0.710946 0.256783 0.019305
0 0.247610 0.302352 0.072145 0.019305
0 0.363654 0.687566 0.434010 0.019305
1 0.074912 0.984288 0.028214 0.024131
1 0.635340 0.851076 0.247494 0.024131
1 0.455408 0.177928 0.090106 0.024131
1 0.107659 0.035515 0.014884 0.014574
2 0.308163 0.664058 0.014884 0.014574
2 0.031311 0.863312 0.014884 0.014574
3 0.863656 0.009736 0.014158 0.014440
3 0.938210 0.281992 0.014158 0.014440
