0 0.719504 0.584635 0.379202 0.029718
0 0.775519 0.763407 0.250714 0.029718
0 0.229255 0.240684 0.383111 0.029718
0 0.295785 0.772794 0.121269 0.029718
0 0.356416 0.885840 0.394889 0.029718
1 0.629321 0.349239 0.247643 0.037147
1 0.451145 0.846589 0.146635 0.037147
1 0.890946 0.316096 0.135106 0.037147
1 0.048473 0.454111 0.010265 0.022434
2 0.473797 0.592772 0.010265 0.022434
2 0.662083 0.692387 0.010265 0.022434
3 0.289140 0.316566 0.009764 0.022229
3 0.033746 0.793332 0.009764 0.022229
