0 0.377386 0.058628 0.405621 0.031596
0 0.822964 0.690586 0.345438 0.031596
0 0.752877 0.490515 0.343008 0.031596
0 0.430843 0.291956 0.209116 0.031596
0 0.548541 0.852928 0.306194 0.031596
1 0.674821 0.946825 0.034157 0.039494
1 0.155116 0.271665 0.206404 0.039494
1 0.245771 0.203458 0.409326 0.039494
1 0.944963 0.732786 0.010653 0.023852
2 0.882977 0.754928 0.010653 0.023852
2 0.022989 0.492375 0.010653 0.023852
3 0.700054 0.789060 0.010133 0.023633
3 0.536437 0.901068 0.010133 0.023633
