0 0.377621 0.547505 0.250013 0.023585
0 0.505920 0.148745 0.034286 0.023585
0 0.159223 0.346881 0.252337 0.023585
0 0.787335 0.166260 0.235077 0.023585
0 0.764998 0.947730 0.064412 0.023585
1 0.671318 0.226287 0.361290 0.029481
1 0.758154 0.093299 0.143493 0.029481
1 0.611931 0.644191 0.202052 0.029481
1 0.598393 0.724812 0.010524 0.017805
2 0.453882 0.981526 0.010524 0.017805
2 0.948385 0.762646 0.010524 0.017805
3 0.739923 0.850152 0.010011 0.017642
3 0.378494 0.578463 0.010011 0.017642
