0 0.574756 0.299685 0.249183 0.022936
0 0.605313 0.090385 0.655618 0.022936
0 0.409529 0.563831 0.679992 0.022936
0 0.618734 0.930257 0.516572 0.022936
0 0.471613 0.804291 0.749315 0.022936
1 0.297990 0.643343 0.074594 0.028670
1 0.479186 0.868536 0.289186 0.028670
1 0.619892 0.757259 0.564539 0.028670
1 0.144127 0.315352 0.018809 0.017315
2 0.591469 0.256857 0.018809 0.017315
2 0.938433 0.142604 0.018809 0.017315
3 0.111791 0.246902 0.017891 0.017156
3 0.951351 0.025464 0.017891 0.017156
