0 0.915429 0.577200 0.133474 0.018433
0 0.641625 0.555323 0.128575 0.018433
0 0.496718 0.287101 0.234922 0.018433
0 0.955290 0.293677 0.016254 0.018433
0 0.439528 0.636852 0.082342 0.018433
1 0.256798 0.617830 0.109654 0.023041
1 0.199573 0.159801 0.238351 0.023041
1 0.218611 0.769817 0.212115 0.023041
1 0.084765 0.792975 0.010382 0.013916
2 0.671630 0.273507 0.010382 0.013916
2 0.536782 0.560638 0.010382 0.013916
3 0.413997 0.228194 0.009875 0.013788
3 0.643319 0.861058 0.009875 0.013788
