0 0.330765 0.977879 0.122066 0.020725
0 0.400105 0.617360 0.117495 0.020725
0 0.415238 0.036010 0.396345 0.020725
0 0.423523 0.339266 0.465613 0.020725
0 0.627894 0.210322 0.395158 0.020725
1 0.438504 0.310805 0.102527 0.025907
1 0.405333 0.098936 0.466416 0.025907
1 0.701997 0.550910 0.146111 0.025907
1 0.640945 0.954947 0.063451 0.025907
2 0.766972 0.745225 0.012723 0.015646
2 0.085034 0.149491 0.012723 0.015646
3 0.604537 0.772981 0.012102 0.015503
3 0.941353 0.691145 0.012102 0.015503
