0 0.691286 0.902569 0.101175 0.018399
0 0.803105 0.444635 0.274761 0.018399
0 0.387975 0.800876 0.131346 0.018399
0 0.788990 0.485604 0.367476 0.018399
0 0.138205 0.089786 0.093155 0.018399
1 0.375831 0.604698 0.308549 0.022999
1 0.339850 0.283767 0.358737 0.022999
1 0.768642 0.156212 0.197220 0.022999
1 0.887384 0.191619 0.010078 0.013890
2 0.402481 0.820603 0.010078 0.013890
2 0.656147 0.187859 0.010078 0.013890
3 0.016945 0.244633 0.009586 0.013763
3 0.284751 0.131140 0.009586 0.013763
