0 0.732538 0.887058 0.393135 0.022148
0 0.702889 0.631146 0.046213 0.022148
0 0.584694 0.022844 0.082033 0.022148
0 0.120432 0.284238 0.043611 0.022148
0 0.908236 0.165165 0.155235 0.022148
1 0.621736 0.334348 0.386288 0.027685
1 0.745065 0.524788 0.210969 0.027685
1 0.041054 0.868260 0.056634 0.027685
1 0.856078 0.481054 0.013584 0.027685
2 0.514248 0.901787 0.010838 0.016720
2 0.831659 0.194606 0.010838 0.016720
3 0.785893 0.736709 0.010309 0.016567
3 0.126337 0.062224 0.010309 0.016567
