0 0.455483 0.790888 0.372268 0.018993
0 0.645237 0.870403 0.400621 0.018993
0 0.807143 0.588018 0.054870 0.018993
0 0.649749 0.228377 0.399297 0.018993
0 0.611831 0.528070 0.063902 0.018993
1 0.251325 0.821094 0.163129 0.023742
1 0.632641 0.415124 0.027622 0.023742
1 0.567913 0.925454 0.174104 0.023742
1 0.895284 0.125537 0.010915 0.014338
2 0.118656 0.682025 0.010915 0.014338
2 0.980588 0.053463 0.010915 0.014338
3 0.972256 0.272370 0.010383 0.014207
3 0.830708 0.534190 0.010383 0.014207
