0 0.931650 0.313250 0.043528 0.016584
0 0.572132 0.638824 0.409005 0.016584
0 0.315888 0.730932 0.311498 0.016584
0 0.720832 0.774944 0.304585 0.016584
0 0.489651 0.442412 0.184873 0.016584
1 0.732777 0.907918 0.037549 0.020730
1 0.360895 0.148539 0.178929 0.020730
1 0.757543 0.153924 0.245876 0.020730
1 0.643682 0.672947 0.010270 0.012519
2 0.200828 0.323735 0.010270 0.012519
2 0.932764 0.618191 0.010270 0.012519
3 0.474481 0.978189 0.009769 0.012405
3 0.413669 0.678919 0.009769 0.012405
