0 0.476461 0.483022 0.092438 0.018605
0 0.853868 0.044783 0.064122 0.018605
0 0.339288 0.048815 0.378884 0.018605
0 0.270729 0.082657 0.108481 0.018605
0 0.453361 0.013680 0.466018 0.018605
1 0.455860 0.546112 0.662211 0.023256
1 0.943477 0.902414 0.026076 0.023256
1 0.607761 0.959718 0.253500 0.023256
1 0.095796 0.312716 0.017235 0.014045
2 0.617967 0.105060 0.017235 0.014045
2 0.913983 0.356132 0.017235 0.014045
3 0.953809 0.966542 0.016393 0.013916
3 0.528945 0.347667 0.016393 0.013916
