0 0.926704 0.027597 0.112948 0.033003
0 0.568850 0.813088 0.290418 0.033003
0 0.547315 0.586660 0.366814 0.033003
0 0.434921 0.885261 0.422111 0.033003
0 0.211631 0.715514 0.354241 0.033003
1 0.854617 0.579897 0.216740 0.041254
1 0.551932 0.968993 0.165142 0.041254
1 0.091906 0.579339 0.040817 0.041254
1 0.015234 0.410479 0.011091 0.024915
2 0.393780 0.489758 0.011091 0.024915
2 0.814796 0.926591 0.011091 0.024915
3 0.225595 0.032191 0.010550 0.024686
3 0.757282 0.331846 0.010550 0.024686
