0 0.522169 0.264279 0.179678 0.019361
0 0.240886 0.326523 0.133706 0.019361
0 0.322529 0.671088 0.179285 0.019361
0 0.716254 0.934811 0.253735 0.019361
0 0.458723 0.707970 0.378554 0.019361
1 0.221088 0.771969 0.200279 0.024201
1 0.837239 0.553845 0.120966 0.024201
1 0.234259 0.581502 0.299728 0.024201
1 0.736265 0.646485 0.011203 0.014616
2 0.910713 0.522796 0.011203 0.014616
2 0.778364 0.604795 0.011203 0.014616
3 0.136486 0.244212 0.010656 0.014482
3 0.867300 0.513159 0.010656 0.014482
