0 0.440670 0.949941 0.617458 0.019249
0 0.753159 0.033531 0.359550 0.019249
0 0.806029 0.186472 0.350388 0.019249
0 0.471624 0.775993 0.422080 0.019249
0 0.450813 0.633039 0.346548 0.019249
1 0.606717 0.531556 0.601350 0.024062
1 0.912894 0.797878 0.057720 0.024062
1 0.272865 0.183499 0.227947 0.024062
1 0.335339 0.869673 0.016928 0.014532
2 0.660752 0.652572 0.016928 0.014532
2 0.135988 0.482028 0.016928 0.014532
3 0.606903 0.496605 0.016102 0.014398
3 0.653719 0.476055 0.016102 0.014398
