0 0.347009 0.780381 0.267716 0.032258
0 0.336809 0.818676 0.181259 0.032258
0 0.324805 0.157751 0.361750 0.032258
0 0.951659 0.902338 0.012847 0.032258
0 0.756992 0.432567 0.059125 0.032258
1 0.715371 0.088601 0.075936 0.040323
1 0.701326 0.557262 0.227766 0.040323
1 0.334045 0.065412 0.276737 0.040323
1 0.288606 0.116508 0.010078 0.024352
2 0.922656 0.712575 0.010078 0.024352
2 0.826361 0.559248 0.010078 0.024352
3 0.334071 0.536400 0.009586 0.024129
3 0.501458 0.857316 0.009586 0.024129
