0 0.557181 0.447956 0.210459 0.046948
0 0.900761 0.819109 0.086508 0.046948
0 0.424273 0.087164 0.409120 0.046948
0 0.626722 0.202816 0.665358 0.046948
0 0.644245 0.578969 0.683762 0.046948
1 0.671137 0.921643 0.214337 0.058685
1 0.425154 0.838285 0.232831 0.058685
1 0.869771 0.361624 0.103667 0.058685
1 0.599688 0.323138 0.019042 0.035442
2 0.108468 0.605502 0.019042 0.035442
2 0.386338 0.427908 0.019042 0.035442
3 0.149268 0.018457 0.018112 0.035117
3 0.714656 0.323066 0.018112 0.035117
