0 0.609392 0.922950 0.303698 0.018484
0 0.460614 0.496870 0.639238 0.018484
0 0.444982 0.218570 0.165312 0.018484
0 0.317239 0.423954 0.211139 0.018484
0 0.370728 0.886575 0.663285 0.018484
1 0.452666 0.816993 0.632160 0.023105
1 0.376508 0.760083 0.702786 0.023105
1 0.485666 0.635088 0.681222 0.023105
1 0.106017 0.252121 0.018110 0.013954
2 0.963518 0.477477 0.018110 0.013954
2 0.893030 0.975828 0.018110 0.013954
3 0.574470 0.145878 0.017226 0.013826
3 0.736900 0.534505 0.017226 0.013826
