0 0.233423 0.614567 0.409764 0.041237
0 0.582172 0.764480 0.262059 0.041237
0 0.649229 0.705140 0.283163 0.041237
0 0.109005 0.508704 0.110998 0.041237
0 0.338316 0.357890 0.209198 0.041237
1 0.169679 0.117938 0.337327 0.051546
1 0.576116 0.525405 0.369088 0.051546
1 0.776377 0.939597 0.396784 0.051546
1 0.974919 0.357920 0.010265 0.031131
2 0.827180 0.317623 0.010265 0.031131
2 0.865451 0.555512 0.010265 0.031131
3 0.919403 0.260723 0.009764 0.030845
3 0.127024 0.834567 0.009764 0.030845
