0 0.748487 0.128440 0.204260 0.017167
0 0.942328 0.691553 0.020554 0.017167
0 0.550015 0.581723 0.282476 0.017167
0 0.760970 0.797589 0.367517 0.017167
0 0.758077 0.346902 0.054732 0.017167
1 0.560725 0.628374 0.447698 0.021459
1 0.396119 0.024201 0.179570 0.021459
1 0.620542 0.324086 0.098234 0.021459
1 0.820241 0.971987 0.012187 0.012960
2 0.617775 0.263049 0.012187 0.012960
2 0.199457 0.707690 0.012187 0.012960
3 0.423073 0.182381 0.011592 0.012841
3 0.140369 0.830427 0.011592 0.012841
