0 0.596441 0.863478 0.493202 0.024242
0 0.568873 0.356890 0.396424 0.024242
0 0.354304 0.291572 0.453070 0.024242
0 0.472780 0.247219 0.525189 0.024242
0 0.463724 0.689506 0.477843 0.024242
1 0.177548 0.972233 0.099374 0.030303
1 0.848343 0.504186 0.087643 0.030303
1 0.138356 0.434967 0.146988 0.030303
1 0.191180 0.091023 0.013442 0.018301
2 0.753592 0.914918 0.013442 0.018301
2 0.166449 0.821664 0.013442 0.018301
3 0.089413 0.507656 0.012786 0.018133
3 0.980252 0.708297 0.012786 0.018133
