0 0.510005 0.564938 0.147660 0.017316
0 0.619891 0.921789 0.256716 0.017316
0 0.918396 0.703036 0.052014 0.017316
0 0.499723 0.232233 0.191112 0.017316
0 0.502585 0.296981 0.037856 0.017316
1 0.174609 0.434556 0.213702 0.021645
1 0.294630 0.183995 0.174457 0.021645
1 0.650120 0.466171 0.414529 0.021645
1 0.292092 0.639188 0.011343 0.013072
2 0.988303 0.631551 0.011343 0.013072
2 0.311951 0.910948 0.011343 0.013072
3 0.160545 0.878666 0.010789 0.012952
3 0.970684 0.903119 0.010789 0.012952
