0 0.190570 0.040367 0.288818 0.039370
0 0.924660 0.965512 0.026273 0.039370
0 0.433198 0.698765 0.274980 0.039370
0 0.315624 0.407566 0.440947 0.039370
0 0.762146 0.848352 0.373975 0.039370
1 0.602857 0.099188 0.394342 0.049213
1 0.221638 0.544238 0.363038 0.049213
1 0.352010 0.198445 0.343691 0.049213
1 0.666058 0.667252 0.011147 0.029721
2 0.855366 0.141069 0.011147 0.029721
2 0.275976 0.649475 0.011147 0.029721
3 0.750220 0.040518 0.010603 0.029449
3 0.471589 0.462512 0.010603 0.029449
