0 0.129327 0.881142 0.119650 0.029197
0 0.519852 0.111184 0.310002 0.029197
0 0.775816 0.730449 0.442635 0.029197
0 0.252265 0.631892 0.024292 0.029197
0 0.913193 0.465903 0.135614 0.029197
1 0.605220 0.166880 0.151156 0.036496
1 0.645380 0.822665 0.450315 0.036496
1 0.285391 0.720453 0.434491 0.036496
1 0.018252 0.836134 0.015630 0.022041
2 0.025134 0.123962 0.015630 0.022041
2 0.820643 0.185262 0.015630 0.022041
3 0.156988 0.027541 0.014867 0.021839
3 0.799720 0.601365 0.014867 0.021839
