0 0.037219 0.632991 0.029156 0.032573
0 0.600026 0.364301 0.267277 0.032573
0 0.398059 0.747540 0.287216 0.032573
0 0.460233 0.616572 0.248870 0.032573
0 0.343768 0.119204 0.382910 0.032573
1 0.611429 0.945308 0.434661 0.040717
1 0.566108 0.185233 0.252587 0.040717
1 0.500191 0.235941 0.382887 0.040717
1 0.790706 0.195728 0.011467 0.024590
2 0.293851 0.517765 0.011467 0.024590
2 0.234167 0.551172 0.011467 0.024590
3 0.105339 0.307359 0.010907 0.024365
3 0.092112 0.602512 0.010907 0.024365
