0 0.302426 0.443467 0.463250 0.016625
0 0.658182 0.330208 0.197768 0.016625
0 0.429031 0.356521 0.213596 0.016625
0 0.360345 0.544455 0.407774 0.016625
0 0.680138 0.958504 0.440106 0.016625
1 0.721214 0.474623 0.126442 0.020781
1 0.490379 0.028192 0.060056 0.020781
1 0.786756 0.610565 0.066725 0.020781
1 0.947850 0.289507 0.012996 0.012551
2 0.465976 0.680171 0.012996 0.012551
2 0.038183 0.746727 0.012996 0.012551
3 0.748636 0.143916 0.012362 0.012436
3 0.660230 0.784900 0.012362 0.012436
