0 0.962338 0.879509 0.062487 0.016708
0 0.849755 0.657365 0.213303 0.016708
0 0.797443 0.910985 0.111313 0.016708
0 0.519153 0.879668 0.191926 0.016708
0 0.091737 0.585966 0.044068 0.016708
1 0.658112 0.816050 0.174871 0.020886
1 0.289764 0.045240 0.399970 0.020886
1 0.537583 0.853658 0.331840 0.020886
1 0.203205 0.677688 0.016563 0.012613
2 0.989484 0.620131 0.016563 0.012613
2 0.891916 0.225591 0.016563 0.012613
3 0.317305 0.253232 0.015755 0.012498
3 0.479608 0.915786 0.015755 0.012498
