0 0.631487 0.943289 0.291120 0.032520
0 0.462131 0.813567 0.122181 0.032520
0 0.674383 0.729300 0.266272 0.032520
0 0.709239 0.273422 0.475508 0.032520
0 0.723410 0.556994 0.212322 0.032520
1 0.183598 0.810058 0.259737 0.040650
1 0.903137 0.080300 0.100418 0.040650
1 0.861620 0.475496 0.186852 0.040650
1 0.145026 0.155035 0.013047 0.024550
2 0.267013 0.405926 0.013047 0.024550
2 0.867273 0.616355 0.013047 0.024550
3 0.725080 0.207480 0.012410 0.024325
3 0.373945 0.042141 0.012410 0.024325
