0 0.802735 0.423557 0.274764 0.019194
0 0.429822 0.699322 0.466786 0.019194
0 0.532640 0.012387 0.520724 0.019194
0 0.811483 0.860660 0.241942 0.019194
0 0.816496 0.365669 0.234537 0.019194
1 0.427903 0.223741 0.157109 0.023992
1 0.453172 0.905817 0.430549 0.023992
1 0.708121 0.739382 0.390362 0.023992
1 0.119323 0.129441 0.013159 0.014490
2 0.357501 0.072448 0.013159 0.014490
2 0.160190 0.072277 0.013159 0.014490
3 0.580452 0.509914 0.012516 0.014357
3 0.464484 0.932688 0.012516 0.014357
