0 0.283094 0.987464 0.448150 0.017065
0 0.629910 0.731167 0.041908 0.017065
0 0.637590 0.786237 0.480459 0.017065
0 0.610683 0.455499 0.418923 0.017065
0 0.661363 0.345537 0.135119 0.017065
1 0.630546 0.810667 0.563167 0.021331
1 0.613938 0.580115 0.427360 0.021331
1 0.729213 0.367565 0.354260 0.021331
1 0.231300 0.571371 0.014402 0.012883
2 0.528699 0.124717 0.014402 0.012883
2 0.008667 0.303807 0.014402 0.012883
3 0.512418 0.199113 0.013699 0.012765
3 0.050661 0.918493 0.013699 0.012765
