0 0.257832 0.196081 0.363671 0.043384
0 0.777235 0.252131 0.062218 0.043384
0 0.360862 0.679646 0.363047 0.043384
0 0.623888 0.762763 0.290966 0.043384
0 0.732263 0.080760 0.370630 0.043384
1 0.617324 0.550784 0.248088 0.054230
1 0.650988 0.324706 0.268107 0.054230
1 0.307745 0.469637 0.133954 0.054230
1 0.092355 0.767621 0.010705 0.032751
2 0.178241 0.908832 0.010705 0.032751
2 0.101103 0.500872 0.010705 0.032751
3 0.739470 0.389232 0.010182 0.032451
3 0.791997 0.412049 0.010182 0.032451
