0 0.615366 0.113828 0.346384 0.032154
0 0.770181 0.709243 0.029010 0.032154
0 0.677805 0.872087 0.198438 0.032154
0 0.620662 0.418528 0.398237 0.032154
0 0.734794 0.308375 0.196111 0.032154
1 0.557638 0.183473 0.303513 0.040193
1 0.363130 0.366711 0.390854 0.040193
1 0.434977 0.258212 0.148512 0.040193
1 0.868892 0.733240 0.011620 0.024274
2 0.299491 0.233916 0.011620 0.024274
2 0.356805 0.124194 0.011620 0.024274
3 0.303992 0.825190 0.011053 0.024051
3 0.049531 0.901873 0.011053 0.024051
