0 0.552490 0.585969 0.439962 0.023923
0 0.504877 0.545316 0.070391 0.023923
0 0.297054 0.843269 0.382342 0.023923
0 0.518131 0.271905 0.424161 0.023923
0 0.887083 0.696514 0.194983 0.023923
1 0.333158 0.460994 0.164246 0.029904
1 0.328476 0.979601 0.476051 0.029904
1 0.603000 0.438839 0.211449 0.029904
1 0.302433 0.027114 0.184420 0.029904
2 0.129549 0.067910 0.012033 0.018060
2 0.640370 0.121995 0.012033 0.018060
3 0.611137 0.938316 0.011446 0.017895
3 0.473945 0.062659 0.011446 0.017895
