0 0.403284 0.823493 0.312933 0.041754
0 0.291125 0.642400 0.075053 0.041754
0 0.445645 0.890369 0.375889 0.041754
0 0.651567 0.183802 0.688225 0.041754
0 0.539193 0.530945 0.719651 0.041754
1 0.148303 0.715968 0.170209 0.052192
1 0.376037 0.322364 0.458534 0.052192
1 0.616474 0.121090 0.746163 0.052192
1 0.035506 0.655408 0.019060 0.031521
2 0.550765 0.643998 0.019060 0.031521
2 0.685823 0.379651 0.019060 0.031521
3 0.963968 0.640157 0.018130 0.031232
3 0.610481 0.063315 0.018130 0.031232
