0 0.713701 0.017438 0.056127 0.023697
0 0.302367 0.562916 0.360295 0.023697
0 0.726229 0.148461 0.409566 0.023697
0 0.521542 0.320120 0.572313 0.023697
0 0.102006 0.956026 0.080538 0.023697
1 0.151750 0.029814 0.021121 0.029621
1 0.642882 0.646532 0.481965 0.029621
1 0.666170 0.952753 0.359057 0.029621
1 0.488227 0.048882 0.015891 0.017889
2 0.881964 0.256545 0.015891 0.017889
2 0.382546 0.985242 0.015891 0.017889
3 0.175638 0.685648 0.015115 0.017725
3 0.879817 0.045889 0.015115 0.017725
