0 0.598249 0.972115 0.232298 0.018282
0 0.654962 0.018707 0.282475 0.018282
0 0.369803 0.062643 0.401211 0.018282
0 0.678322 0.867267 0.282700 0.018282
0 0.544998 0.796952 0.113378 0.018282
1 0.702359 0.154224 0.453292 0.022852
1 0.962951 0.425133 0.018002 0.022852
1 0.260120 0.274029 0.506965 0.022852
1 0.281350 0.635889 0.012683 0.013801
2 0.253839 0.640385 0.012683 0.013801
2 0.400423 0.539410 0.012683 0.013801
3 0.979365 0.193094 0.012063 0.013675
3 0.050694 0.188443 0.012063 0.013675
