0 0.699204 0.851715 0.374351 0.032051
0 0.459517 0.508253 0.012196 0.032051
0 0.773875 0.297880 0.228143 0.032051
0 0.543778 0.896478 0.319434 0.032051
0 0.821616 0.076667 0.313353 0.032051
1 0.510601 0.183163 0.031639 0.040064
1 0.221965 0.270574 0.138161 0.040064
1 0.576863 0.403953 0.261682 0.040064
1 0.076472 0.333898 0.012764 0.024196
2 0.771303 0.231289 0.012764 0.024196
2 0.899822 0.722858 0.012764 0.024196
3 0.868327 0.623507 0.012141 0.023974
3 0.546182 0.979873 0.012141 0.023974
