0 0.390105 0.473202 0.106313 0.019900
0 0.477318 0.584258 0.214757 0.019900
0 0.742726 0.726463 0.053194 0.019900
0 0.454959 0.170295 0.386528 0.019900
0 0.283590 0.934030 0.470525 0.019900
1 0.364728 0.758928 0.474444 0.024876
1 0.444223 0.433794 0.411176 0.024876
1 0.190870 0.547530 0.306925 0.024876
1 0.747400 0.671605 0.014464 0.015023
2 0.769682 0.402675 0.014464 0.015023
2 0.240005 0.668944 0.014464 0.015023
3 0.392579 0.325084 0.013758 0.014886
3 0.221430 0.706948 0.013758 0.014886
