0 0.236073 0.187145 0.095480 0.025674
0 0.244280 0.335908 0.234891 0.025674
0 0.242865 0.540382 0.034626 0.025674
0 0.257293 0.887218 0.248953 0.025674
0 0.122519 0.128055 0.076585 0.025674
1 0.359273 0.402629 0.334397 0.032092
1 0.857458 0.912129 0.266394 0.032092
1 0.238669 0.688642 0.125654 0.032092
1 0.372364 0.751742 0.011134 0.019382
2 0.917682 0.443200 0.011134 0.019382
2 0.681942 0.938826 0.011134 0.019382
3 0.447765 0.749231 0.010591 0.019204
3 0.711302 0.699867 0.010591 0.019204
