0 0.405993 0.418878 0.300785 0.036298
0 0.160182 0.638062 0.123813 0.036298
0 0.656488 0.361376 0.328119 0.036298
0 0.549532 0.777502 0.407529 0.036298
0 0.568488 0.939085 0.022272 0.036298
1 0.814232 0.703286 0.312132 0.045372
1 0.658464 0.855103 0.346018 0.045372
1 0.230340 0.329451 0.221914 0.045372
1 0.128015 0.701879 0.010844 0.027402
2 0.054975 0.941535 0.010844 0.027402
2 0.234674 0.735233 0.010844 0.027402
3 0.918548 0.787898 0.010315 0.027151
3 0.393371 0.918584 0.010315 0.027151
