0 0.361534 0.212430 0.420608 0.024010
0 0.286395 0.026957 0.174909 0.024010
0 0.854600 0.485301 0.202754 0.024010
0 0.581416 0.462409 0.092366 0.024010
0 0.696893 0.891109 0.093093 0.024010
1 0.480911 0.946848 0.322375 0.030012
1 0.742790 0.634732 0.486293 0.030012
1 0.864595 0.760983 0.172621 0.030012
1 0.631131 0.862447 0.012315 0.018125
2 0.143966 0.470613 0.012315 0.018125
2 0.498253 0.321179 0.012315 0.018125
3 0.294646 0.891272 0.011714 0.017959
3 0.137342 0.131054 0.011714 0.017959
