0 0.821465 0.075892 0.142981 0.029112
0 0.260218 0.759253 0.167767 0.029112
0 0.201661 0.604539 0.325931 0.029112
0 0.831732 0.826250 0.194951 0.029112
0 0.296452 0.356368 0.438080 0.029112
1 0.792453 0.890760 0.249890 0.036390
1 0.442798 0.484254 0.054367 0.036390
1 0.399429 0.120496 0.136775 0.036390
1 0.603865 0.626474 0.011203 0.021977
2 0.422948 0.949653 0.011203 0.021977
2 0.273829 0.499043 0.011203 0.021977
3 0.683559 0.190360 0.010656 0.021776
3 0.430079 0.057752 0.010656 0.021776
