0 0.633279 0.306979 0.614488 0.021529
0 0.905819 0.422047 0.172967 0.021529
0 0.798448 0.657074 0.296159 0.021529
0 0.613276 0.849943 0.597490 0.021529
0 0.665118 0.468069 0.597255 0.021529
1 0.602235 0.124137 0.692255 0.026911
1 0.224884 0.156777 0.309378 0.026911
1 0.471912 0.595462 0.697333 0.026911
1 0.233154 0.239546 0.017693 0.016252
2 0.461376 0.404855 0.017693 0.016252
2 0.263476 0.566058 0.017693 0.016252
3 0.489935 0.413037 0.016829 0.016103
3 0.960537 0.156994 0.016829 0.016103
