0 0.624692 0.517672 0.445527 0.039293
0 0.398882 0.044770 0.638771 0.039293
0 0.444130 0.375380 0.121981 0.039293
0 0.884689 0.767026 0.171231 0.039293
0 0.834965 0.813690 0.094359 0.039293
1 0.506289 0.918340 0.451284 0.049116
1 0.564360 0.226876 0.488964 0.049116
1 0.732518 0.575075 0.478901 0.049116
1 0.359231 0.790155 0.603012 0.049116
2 0.601109 0.630028 0.015993 0.029663
2 0.628786 0.354540 0.015993 0.029663
3 0.923473 0.158988 0.015212 0.029391
3 0.886723 0.978227 0.015212 0.029391
