0 0.564596 0.045250 0.116753 0.036298
0 0.732082 0.125623 0.245780 0.036298
0 0.768923 0.744730 0.353770 0.036298
0 0.692471 0.433871 0.308917 0.036298
0 0.723092 0.664910 0.305994 0.036298
1 0.451307 0.830603 0.071616 0.045372
1 0.905242 0.409681 0.107926 0.045372
1 0.355542 0.965619 0.066427 0.045372
1 0.938159 0.508326 0.010350 0.027402
2 0.133075 0.771176 0.010350 0.027402
2 0.689200 0.193899 0.010350 0.027402
3 0.395180 0.410539 0.009845 0.027151
3 0.050499 0.422927 0.009845 0.027151
