0 0.382342 0.087606 0.053688 0.020182
0 0.228888 0.668377 0.223438 0.020182
0 0.502441 0.359031 0.507581 0.020182
0 0.293366 0.300532 0.074193 0.020182
0 0.274392 0.462195 0.234956 0.020182
1 0.600875 0.714186 0.098119 0.025227
1 0.448995 0.878870 0.340272 0.025227
1 0.745867 0.242706 0.116978 0.025227
1 0.715667 0.937188 0.013047 0.015235
2 0.868080 0.598341 0.013047 0.015235
2 0.561256 0.384466 0.013047 0.015235
3 0.153564 0.797742 0.012410 0.015096
3 0.612701 0.926929 0.012410 0.015096
