0 0.890199 0.228433 0.209815 0.016835
0 0.694223 0.903299 0.580366 0.016835
0 0.665178 0.790706 0.349546 0.016835
0 0.551841 0.462612 0.212462 0.016835
0 0.423567 0.231210 0.398743 0.016835
1 0.392026 0.329563 0.392646 0.021044
1 0.678446 0.036362 0.566802 0.021044
1 0.245695 0.402062 0.427609 0.021044
1 0.979278 0.602865 0.015190 0.012709
2 0.558254 0.838171 0.015190 0.012709
2 0.038058 0.680866 0.015190 0.012709
3 0.116520 0.961004 0.014449 0.012593
3 0.788059 0.464858 0.014449 0.012593
