0 0.701536 0.441268 0.161077 0.031898
0 0.912101 0.943324 0.097447 0.031898
0 0.303306 0.160142 0.428348 0.031898
0 0.597510 0.755166 0.311808 0.031898
0 0.680005 0.494259 0.197740 0.031898
1 0.369453 0.222472 0.380772 0.039872
1 0.653294 0.546377 0.277081 0.039872
1 0.474823 0.276492 0.163873 0.039872
1 0.652236 0.854068 0.012946 0.024080
2 0.076909 0.313460 0.012946 0.024080
2 0.935198 0.244821 0.012946 0.024080
3 0.466078 0.681092 0.012314 0.023860
3 0.333155 0.352939 0.012314 0.023860
