0 0.872609 0.760788 0.095218 0.054348
0 0.730739 0.933105 0.427738 0.054348
0 0.904112 0.166673 0.070648 0.054348
0 0.596780 0.820346 0.348270 0.054348
0 0.221444 0.129367 0.248910 0.054348
1 0.770536 0.616308 0.209196 0.067935
1 0.828895 0.071433 0.287852 0.067935
1 0.473332 0.225315 0.352086 0.067935
1 0.542122 0.357157 0.010933 0.041028
2 0.324857 0.864847 0.010933 0.041028
2 0.341547 0.845487 0.010933 0.041028
3 0.826649 0.172704 0.010400 0.040652
3 0.780367 0.830482 0.010400 0.040652
