0 0.778623 0.949432 0.337613 0.019305
0 0.429466 0.680742 0.319840 0.019305
0 0.449726 0.011695 0.391311 0.019305
0 0.398288 0.718181 0.373398 0.019305
0 0.721108 0.988060 0.302179 0.019305
1 0.579567 0.652463 0.296106 0.024131
1 0.640031 0.882479 0.489678 0.024131
1 0.445596 0.393390 0.345386 0.024131
1 0.938079 0.295248 0.013299 0.014574
2 0.317733 0.987836 0.013299 0.014574
2 0.844748 0.693591 0.013299 0.014574
3 0.082727 0.287278 0.012650 0.014440
3 0.973046 0.078214 0.012650 0.014440
