0 0.737162 0.439671 0.451324 0.021231
0 0.630209 0.732657 0.148983 0.021231
0 0.526778 0.206902 0.243470 0.021231
0 0.656721 0.590967 0.530934 0.021231
0 0.287946 0.076302 0.482987 0.021231
1 0.601559 0.332149 0.139328 0.026539
1 0.525183 0.470785 0.419675 0.026539
1 0.689834 0.640149 0.316545 0.026539
1 0.679571 0.041941 0.013272 0.016028
2 0.285571 0.906278 0.013272 0.016028
2 0.820084 0.668674 0.013272 0.016028
3 0.412032 0.821459 0.012625 0.015881
3 0.193965 0.770860 0.012625 0.015881
