0 0.391086 0.366910 0.401878 0.026738
0 0.699422 0.280192 0.260006 0.026738
0 0.463565 0.518499 0.263968 0.026738
0 0.789461 0.088223 0.345120 0.026738
0 0.868671 0.562422 0.090484 0.026738
1 0.202098 0.251116 0.275499 0.033422
1 0.580889 0.961646 0.677933 0.033422
1 0.605116 0.431419 0.226367 0.033422
1 0.098373 0.515284 0.017161 0.020185
2 0.642856 0.577655 0.017161 0.020185
2 0.722183 0.466941 0.017161 0.020185
3 0.069803 0.434800 0.016323 0.020000
3 0.323180 0.447587 0.016323 0.020000
