0 0.721502 0.105471 0.474505 0.021186
0 0.356469 0.350375 0.525207 0.021186
0 0.698920 0.273107 0.059251 0.021186
0 0.755856 0.866062 0.328921 0.021186
0 0.133985 0.382942 0.189334 0.021186
1 0.474270 0.159662 0.085958 0.026483
1 0.614050 0.048554 0.133216 0.026483
1 0.766449 0.769956 0.359260 0.026483
1 0.545927 0.260477 0.013167 0.015994
2 0.242964 0.906824 0.013167 0.015994
2 0.168931 0.077091 0.013167 0.015994
3 0.692180 0.296641 0.012525 0.015847
3 0.234082 0.083482 0.012525 0.015847
