0 0.474353 0.272717 0.053633 0.026667
0 0.798239 0.230654 0.108618 0.026667
0 0.527541 0.944152 0.395327 0.026667
0 0.375006 0.184372 0.474759 0.026667
0 0.768491 0.771689 0.228136 0.026667
1 0.359396 0.463205 0.231324 0.033333
1 0.055311 0.217427 0.047932 0.033333
1 0.298725 0.580817 0.439605 0.033333
1 0.979889 0.478509 0.012862 0.020131
2 0.918068 0.252371 0.012862 0.020131
2 0.942239 0.412136 0.012862 0.020131
3 0.055458 0.132930 0.012234 0.019947
3 0.471019 0.541272 0.012234 0.019947
