0 0.456946 0.904582 0.303684 0.024155
0 0.570552 0.845829 0.152250 0.024155
0 0.431492 0.013737 0.396898 0.024155
0 0.611510 0.109399 0.339946 0.024155
0 0.480029 0.343508 0.183380 0.024155
1 0.134068 0.375850 0.214732 0.030193
1 0.775078 0.145908 0.318844 0.030193
1 0.800476 0.941696 0.229944 0.030193
1 0.904681 0.192581 0.012004 0.018235
2 0.961399 0.173026 0.012004 0.018235
2 0.572133 0.971783 0.012004 0.018235
3 0.714553 0.194089 0.011418 0.018068
3 0.260693 0.588699 0.011418 0.018068
