0 0.504286 0.028254 0.156732 0.031496
0 0.765207 0.747852 0.431233 0.031496
0 0.762659 0.904464 0.222394 0.031496
0 0.538693 0.114811 0.468167 0.031496
0 0.778208 0.428398 0.362061 0.031496
1 0.437356 0.585186 0.041483 0.039370
1 0.572857 0.956358 0.514908 0.039370
1 0.539947 0.382449 0.178785 0.039370
1 0.785145 0.491861 0.013228 0.023777
2 0.969595 0.431015 0.013228 0.023777
2 0.426623 0.777666 0.013228 0.023777
3 0.647162 0.073861 0.012583 0.023559
3 0.891053 0.153873 0.012583 0.023559
