0 0.128809 0.840485 0.126516 0.016353
0 0.537783 0.511286 0.472470 0.016353
0 0.150821 0.039261 0.169455 0.016353
0 0.628481 0.664363 0.400220 0.016353
0 0.648135 0.098117 0.274461 0.016353
1 0.537451 0.545465 0.138825 0.020442
1 0.534727 0.162671 0.179902 0.020442
1 0.631459 0.689397 0.328669 0.020442
1 0.713146 0.149278 0.012523 0.012345
2 0.384860 0.605831 0.012523 0.012345
2 0.957372 0.524673 0.012523 0.012345
3 0.618506 0.319965 0.011912 0.012232
3 0.744655 0.142375 0.011912 0.012232
