0 0.419538 0.032197 0.456583 0.025773
0 0.493988 0.579428 0.114285 0.025773
0 0.561567 0.511463 0.433419 0.025773
0 0.203055 0.215489 0.141766 0.025773
0 0.530628 0.158608 0.113208 0.025773
1 0.498206 0.410508 0.127072 0.032216
1 0.786368 0.557395 0.332697 0.032216
1 0.589532 0.092050 0.472273 0.032216
1 0.646154 0.461446 0.086709 0.032216
2 0.632534 0.847809 0.012040 0.019457
2 0.772121 0.171211 0.012040 0.019457
3 0.979640 0.182461 0.011453 0.019278
3 0.577680 0.630897 0.011453 0.019278
