0 0.447034 0.617296 0.420092 0.051282
0 0.323113 0.740335 0.207127 0.051282
0 0.249716 0.933133 0.166588 0.051282
0 0.575599 0.850157 0.507118 0.051282
0 0.622145 0.097432 0.216854 0.051282
1 0.572113 0.481914 0.417701 0.064103
1 0.384705 0.258321 0.439796 0.064103
1 0.236873 0.185364 0.263140 0.064103
1 0.510587 0.782253 0.012715 0.038714
2 0.713788 0.360301 0.012715 0.038714
2 0.969410 0.531720 0.012715 0.038714
3 0.949590 0.490101 0.012094 0.038359
3 0.901808 0.413851 0.012094 0.038359
