0 0.483880 0.236954 0.200827 0.026042
0 0.223624 0.325246 0.128176 0.026042
0 0.226153 0.573107 0.346901 0.026042
0 0.698247 0.161859 0.199455 0.026042
0 0.464503 0.642877 0.340686 0.026042
1 0.697340 0.817489 0.262642 0.032552
1 0.429176 0.035217 0.121402 0.032552
1 0.808511 0.234434 0.162552 0.032552
1 0.103226 0.219211 0.161541 0.032552
2 0.413642 0.128756 0.010160 0.019659
2 0.466201 0.355690 0.010160 0.019659
3 0.238433 0.637622 0.009664 0.019479
3 0.108698 0.820715 0.009664 0.019479
