0 0.723235 0.230517 0.260293 0.018519
0 0.317971 0.855638 0.370615 0.018519
0 0.304908 0.590761 0.088186 0.018519
0 0.345814 0.173887 0.166534 0.018519
0 0.574742 0.386296 0.151943 0.018519
1 0.539484 0.707326 0.334619 0.023148
1 0.208104 0.289408 0.126421 0.023148
1 0.629020 0.796801 0.367092 0.023148
1 0.939759 0.233389 0.010129 0.013980
2 0.528926 0.500659 0.010129 0.013980
2 0.831725 0.977290 0.010129 0.013980
3 0.343243 0.803245 0.009635 0.013852
3 0.383433 0.104607 0.009635 0.013852
