0 0.545588 0.076540 0.487032 0.035907
0 0.564477 0.507316 0.449943 0.035907
0 0.578467 0.561030 0.511731 0.035907
0 0.351806 0.917342 0.179995 0.035907
0 0.253845 0.254680 0.441191 0.035907
1 0.654298 0.193144 0.531338 0.044883
1 0.382659 0.378264 0.407189 0.044883
1 0.383729 0.654132 0.394083 0.044883
1 0.272076 0.609083 0.017220 0.027107
2 0.321857 0.200751 0.017220 0.027107
2 0.491774 0.237591 0.017220 0.027107
3 0.884442 0.690605 0.016379 0.026858
3 0.123365 0.644473 0.016379 0.026858
