0 0.485538 0.151728 0.427874 0.025478
0 0.330980 0.103013 0.553504 0.025478
0 0.744759 0.404680 0.493382 0.025478
0 0.568948 0.624418 0.693834 0.025478
0 0.869644 0.102210 0.021936 0.025478
1 0.571937 0.240154 0.077769 0.031847
1 0.375009 0.363524 0.646272 0.031847
1 0.075285 0.698447 0.125716 0.031847
1 0.196139 0.478052 0.018547 0.019234
2 0.396077 0.416647 0.018547 0.019234
2 0.460520 0.553860 0.018547 0.019234
3 0.071824 0.066743 0.017642 0.019057
3 0.078535 0.613600 0.017642 0.019057
