0 0.475877 0.530515 0.624871 0.040241
0 0.395904 0.669061 0.644558 0.040241
0 0.444081 0.584351 0.120797 0.040241
0 0.551668 0.063235 0.398339 0.040241
0 0.960886 0.199297 0.030851 0.040241
1 0.661288 0.881743 0.640839 0.050302
1 0.326679 0.376185 0.196347 0.050302
1 0.364765 0.259509 0.088170 0.050302
1 0.288588 0.484337 0.017146 0.030379
2 0.728940 0.714040 0.017146 0.030379
2 0.441030 0.222128 0.017146 0.030379
3 0.395213 0.434563 0.016309 0.030101
3 0.319243 0.713715 0.016309 0.030101
