0 0.765835 0.632157 0.270574 0.034722
0 0.832281 0.475416 0.291798 0.034722
0 0.956413 0.880093 0.041894 0.034722
0 0.823303 0.410876 0.324728 0.034722
0 0.520798 0.947311 0.480189 0.034722
1 0.359787 0.653433 0.442521 0.043403
1 0.095867 0.783205 0.074682 0.043403
1 0.261478 0.282530 0.132440 0.043403
1 0.876349 0.756137 0.014247 0.026212
2 0.531680 0.780498 0.014247 0.026212
2 0.433049 0.899532 0.014247 0.026212
3 0.225585 0.538937 0.013552 0.025972
3 0.118851 0.352955 0.013552 0.025972
