0 0.471546 0.967361 0.447048 0.034602
0 0.832137 0.789425 0.314261 0.034602
0 0.713376 0.704159 0.365508 0.034602
0 0.334676 0.081248 0.293584 0.034602
0 0.909146 0.426715 0.104594 0.034602
1 0.735951 0.377794 0.076211 0.043253
1 0.596511 0.146698 0.160627 0.043253
1 0.294678 0.338298 0.089850 0.043253
1 0.616085 0.210613 0.013133 0.026122
2 0.927024 0.916979 0.013133 0.026122
2 0.596355 0.840558 0.013133 0.026122
3 0.789088 0.457445 0.012492 0.025882
3 0.964768 0.231247 0.012492 0.025882
