0 0.208277 0.652787 0.058844 0.021436
0 0.473956 0.804443 0.623581 0.021436
0 0.730039 0.088085 0.028523 0.021436
0 0.522383 0.289849 0.443541 0.021436
0 0.702306 0.484400 0.429126 0.021436
1 0.516437 0.375012 0.057709 0.026795
1 0.975057 0.134373 0.049348 0.026795
1 0.467950 0.022013 0.222882 0.026795
1 0.255660 0.645655 0.016360 0.016183
2 0.290801 0.362663 0.016360 0.016183
2 0.638952 0.859608 0.016360 0.016183
3 0.199208 0.882372 0.015561 0.016034
3 0.113225 0.925142 0.015561 0.016034
