0 0.734968 0.253284 0.288119 0.031397
0 0.411959 0.428160 0.369728 0.031397
0 0.365796 0.593117 0.263343 0.031397
0 0.686398 0.306547 0.334905 0.031397
0 0.548614 0.093228 0.367184 0.031397
1 0.548805 0.796484 0.156215 0.039246
1 0.297583 0.642932 0.355073 0.039246
1 0.230370 0.483184 0.359421 0.039246
1 0.909250 0.250408 0.010497 0.023702
2 0.487498 0.862721 0.010497 0.023702
2 0.932764 0.381471 0.010497 0.023702
3 0.562644 0.255817 0.009984 0.023485
3 0.880535 0.153353 0.009984 0.023485
