0 0.646022 0.953158 0.583383 0.019342
0 0.306288 0.458929 0.457690 0.019342
0 0.243496 0.212856 0.172142 0.019342
0 0.341849 0.297340 0.321754 0.019342
0 0.333526 0.186657 0.358446 0.019342
1 0.394540 0.669981 0.238708 0.024178
1 0.743585 0.797964 0.357228 0.024178
1 0.631557 0.711396 0.424102 0.024178
1 0.516712 0.052515 0.178316 0.024178
2 0.908045 0.366117 0.015521 0.014602
2 0.844612 0.665812 0.015521 0.014602
3 0.688495 0.524805 0.014763 0.014468
3 0.612132 0.451700 0.014763 0.014468
