0 0.159078 0.062130 0.101585 0.022051
0 0.556766 0.438504 0.555174 0.022051
0 0.803440 0.682012 0.294232 0.022051
0 0.465923 0.980174 0.124484 0.022051
0 0.731840 0.853473 0.239271 0.022051
1 0.615053 0.632537 0.386601 0.027563
1 0.739234 0.746783 0.096713 0.027563
1 0.681963 0.256648 0.409084 0.027563
1 0.348193 0.101791 0.017899 0.016646
2 0.379360 0.462214 0.017899 0.016646
2 0.281072 0.898010 0.017899 0.016646
3 0.883079 0.920939 0.017025 0.016494
3 0.489197 0.605061 0.017025 0.016494
