0 0.416367 0.709590 0.302117 0.031056
0 0.839583 0.587317 0.238523 0.031056
0 0.284384 0.628812 0.326473 0.031056
0 0.781262 0.085584 0.339357 0.031056
0 0.536047 0.556236 0.300816 0.031056
1 0.844692 0.169598 0.166934 0.038820
1 0.497209 0.160735 0.439939 0.038820
1 0.336673 0.952081 0.208112 0.038820
1 0.213049 0.139303 0.011330 0.023445
2 0.910686 0.970271 0.011330 0.023445
2 0.928390 0.703960 0.011330 0.023445
3 0.754171 0.827644 0.010777 0.023230
3 0.970635 0.702415 0.010777 0.023230
