0 0.603206 0.155211 0.510734 0.034542
0 0.649613 0.091541 0.041730 0.034542
0 0.273105 0.473819 0.294038 0.034542
0 0.769025 0.814482 0.296364 0.034542
0 0.513612 0.609414 0.534472 0.034542
1 0.282574 0.232789 0.498698 0.043178
1 0.119351 0.086528 0.191435 0.043178
1 0.866597 0.768305 0.213995 0.043178
1 0.585180 0.959925 0.018898 0.026077
2 0.306168 0.751927 0.018898 0.026077
2 0.965142 0.221738 0.018898 0.026077
3 0.404842 0.572145 0.017975 0.025838
3 0.482385 0.480662 0.017975 0.025838
