0 0.770669 0.753822 0.329220 0.020812
0 0.641684 0.446943 0.124097 0.020812
0 0.191083 0.947298 0.273232 0.020812
0 0.667827 0.012660 0.059842 0.020812
0 0.236967 0.137459 0.339290 0.020812
1 0.636009 0.630271 0.238760 0.026015
1 0.388977 0.293445 0.168990 0.026015
1 0.246850 0.893466 0.389696 0.026015
1 0.785880 0.375943 0.011279 0.015711
2 0.194983 0.187686 0.011279 0.015711
2 0.247588 0.361688 0.011279 0.015711
3 0.280588 0.068906 0.010728 0.015567
3 0.452952 0.682268 0.010728 0.015567
