0 0.249794 0.727016 0.419629 0.018282
0 0.390629 0.316491 0.185453 0.018282
0 0.399862 0.265071 0.650373 0.018282
0 0.819782 0.467099 0.030266 0.018282
0 0.320671 0.881961 0.538899 0.018282
1 0.327315 0.208937 0.508171 0.022852
1 0.735692 0.822558 0.414496 0.022852
1 0.580024 0.690512 0.622211 0.022852
1 0.941648 0.791675 0.017400 0.013801
2 0.077954 0.100466 0.017400 0.013801
2 0.650940 0.712035 0.017400 0.013801
3 0.893320 0.344196 0.016551 0.013675
3 0.715819 0.851157 0.016551 0.013675
