0 0.831971 0.756177 0.176560 0.028531
0 0.671028 0.106217 0.146538 0.028531
0 0.552635 0.656340 0.491237 0.028531
0 0.712196 0.817665 0.502271 0.028531
0 0.561087 0.048016 0.710245 0.028531
1 0.425526 0.276079 0.480046 0.035663
1 0.403880 0.980659 0.493008 0.035663
1 0.648107 0.522650 0.555309 0.035663
1 0.842564 0.628088 0.019450 0.021538
2 0.095849 0.986118 0.019450 0.021538
2 0.447494 0.864558 0.019450 0.021538
3 0.127099 0.170376 0.018500 0.021341
3 0.219833 0.115947 0.018500 0.021341
