0 0.764783 0.929265 0.392827 0.016407
0 0.304979 0.665528 0.368660 0.016407
0 0.154314 0.355592 0.212489 0.016407
0 0.610552 0.818564 0.052505 0.016407
0 0.596963 0.868934 0.262512 0.016407
1 0.134826 0.144874 0.217382 0.020509
1 0.797223 0.756172 0.181538 0.020509
1 0.650415 0.552573 0.208231 0.020509
1 0.909306 0.657224 0.010171 0.012386
2 0.147939 0.759431 0.010171 0.012386
2 0.892926 0.630730 0.010171 0.012386
3 0.691987 0.235540 0.009674 0.012272
3 0.538663 0.188793 0.009674 0.012272
