0 0.698026 0.168412 0.132702 0.034364
0 0.669101 0.853802 0.266203 0.034364
0 0.270677 0.948911 0.298169 0.034364
0 0.651408 0.456238 0.387329 0.034364
0 0.268585 0.501590 0.386287 0.034364
1 0.565320 0.404231 0.202317 0.042955
1 0.490344 0.311024 0.189362 0.042955
1 0.490112 0.164240 0.186680 0.042955
1 0.573508 0.257733 0.010360 0.025942
2 0.321536 0.371803 0.010360 0.025942
2 0.108497 0.226612 0.010360 0.025942
3 0.928088 0.427788 0.009855 0.025704
3 0.019208 0.798297 0.009855 0.025704
