0 0.555465 0.148052 0.008617 0.016807
0 0.589844 0.029736 0.389141 0.016807
0 0.481571 0.833684 0.236158 0.016807
0 0.813292 0.320942 0.048325 0.016807
0 0.583266 0.649732 0.441295 0.016807
1 0.591579 0.599344 0.209472 0.021008
1 0.444399 0.340426 0.535372 0.021008
1 0.930075 0.611465 0.068896 0.021008
1 0.969346 0.533481 0.014884 0.012688
2 0.262213 0.102769 0.014884 0.012688
2 0.291134 0.602623 0.014884 0.012688
3 0.797172 0.682366 0.014158 0.012571
3 0.687885 0.263100 0.014158 0.012571
