0 0.909895 0.897417 0.089971 0.034722
0 0.873857 0.596403 0.220548 0.034722
0 0.630536 0.065685 0.033217 0.034722
0 0.712396 0.777973 0.323998 0.034722
0 0.812504 0.108224 0.075334 0.034722
1 0.654035 0.406203 0.542501 0.043403
1 0.390356 0.930044 0.550705 0.043403
1 0.105543 0.776341 0.160629 0.043403
1 0.385011 0.488286 0.014197 0.026212
2 0.497076 0.323563 0.014197 0.026212
2 0.892294 0.706390 0.014197 0.026212
3 0.054066 0.835129 0.013504 0.025972
3 0.034244 0.728785 0.013504 0.025972
