0 0.516936 0.165915 0.264473 0.026525
0 0.601078 0.770325 0.238323 0.026525
0 0.285423 0.889715 0.225050 0.026525
0 0.616486 0.864202 0.209139 0.026525
0 0.811206 0.153208 0.017214 0.026525
1 0.230399 0.121618 0.172727 0.033156
1 0.649955 0.415553 0.026386 0.033156
1 0.758858 0.477944 0.382649 0.033156
1 0.095355 0.078307 0.010580 0.020024
2 0.434667 0.749248 0.010580 0.020024
2 0.129794 0.838937 0.010580 0.020024
3 0.358630 0.301096 0.010064 0.019841
3 0.410282 0.870421 0.010064 0.019841
