0 0.707992 0.030982 0.259607 0.027473
0 0.060421 0.460010 0.043913 0.027473
0 0.903881 0.460409 0.155239 0.027473
0 0.231229 0.337822 0.107349 0.027473
0 0.271216 0.917300 0.254607 0.027473
1 0.310341 0.195648 0.317226 0.034341
1 0.228272 0.290744 0.279414 0.034341
1 0.873062 0.237123 0.160823 0.034341
1 0.628097 0.442906 0.010382 0.020739
2 0.076902 0.556311 0.010382 0.020739
2 0.623387 0.400183 0.010382 0.020739
3 0.204047 0.948133 0.009875 0.020549
3 0.872215 0.506790 0.009875 0.020549
