0 0.219477 0.090243 0.226335 0.027473
0 0.167846 0.858732 0.213944 0.027473
0 0.685540 0.497580 0.229138 0.027473
0 0.373360 0.151043 0.186271 0.027473
0 0.293143 0.024035 0.370417 0.027473
1 0.858507 0.475814 0.017020 0.034341
1 0.548633 0.782552 0.221775 0.034341
1 0.698877 0.542696 0.345689 0.034341
1 0.550446 0.614351 0.012937 0.020739
2 0.959621 0.431318 0.012937 0.020739
2 0.334240 0.578748 0.012937 0.020739
3 0.814584 0.586037 0.012306 0.020549
3 0.688209 0.066952 0.012306 0.020549
