0 0.558700 0.311069 0.633298 0.024361
0 0.432603 0.473674 0.559889 0.024361
0 0.399179 0.860932 0.245468 0.024361
0 0.620660 0.802263 0.238572 0.024361
0 0.460961 0.749618 0.142355 0.024361
1 0.338686 0.517735 0.673638 0.030451
1 0.386665 0.178570 0.676566 0.030451
1 0.516812 0.634973 0.331743 0.030451
1 0.082902 0.685170 0.017491 0.018390
2 0.120970 0.932523 0.017491 0.018390
2 0.866502 0.819290 0.017491 0.018390
3 0.623950 0.985811 0.016637 0.018222
3 0.080060 0.344595 0.016637 0.018222
