0 0.756652 0.189709 0.429042 0.027972
0 0.648982 0.142772 0.282561 0.027972
0 0.640093 0.497025 0.217389 0.027972
0 0.809905 0.384318 0.284863 0.027972
0 0.206445 0.040247 0.208021 0.027972
1 0.581088 0.610170 0.175993 0.034965
1 0.830826 0.582797 0.216068 0.034965
1 0.487531 0.894020 0.024639 0.034965
1 0.183115 0.944916 0.011421 0.021117
2 0.393769 0.558925 0.011421 0.021117
2 0.877631 0.418466 0.011421 0.021117
3 0.446967 0.741680 0.010863 0.020923
3 0.327712 0.147798 0.010863 0.020923
