0 0.415718 0.747266 0.300345 0.023529
0 0.676486 0.753567 0.103628 0.023529
0 0.374872 0.314502 0.110634 0.023529
0 0.750137 0.272246 0.480194 0.023529
0 0.381228 0.018726 0.513947 0.023529
1 0.489997 0.423849 0.513295 0.029412
1 0.840940 0.401296 0.152840 0.029412
1 0.283625 0.194964 0.282492 0.029412
1 0.880409 0.437654 0.016942 0.017763
2 0.469227 0.158181 0.016942 0.017763
2 0.944673 0.500098 0.016942 0.017763
3 0.050349 0.662189 0.016115 0.017600
3 0.779466 0.879032 0.016115 0.017600
