0 0.121584 0.865583 0.117595 0.016142
0 0.742514 0.983634 0.397164 0.016142
0 0.813242 0.632100 0.287005 0.016142
0 0.620032 0.094405 0.404575 0.016142
0 0.249274 0.253074 0.255150 0.016142
1 0.593501 0.611136 0.173215 0.020178
1 0.646114 0.334064 0.075392 0.020178
1 0.842548 0.374750 0.203306 0.020178
1 0.884469 0.056658 0.010259 0.012186
2 0.738890 0.608014 0.010259 0.012186
2 0.303501 0.903912 0.010259 0.012186
3 0.583815 0.928677 0.009759 0.012074
3 0.313684 0.288572 0.009759 0.012074
