0 0.601415 0.413555 0.105726 0.026560
0 0.246170 0.678496 0.411243 0.026560
0 0.564626 0.653683 0.076415 0.026560
0 0.547711 0.247535 0.282608 0.026560
0 0.712696 0.279491 0.105735 0.026560
1 0.751980 0.970405 0.123057 0.033201
1 0.650107 0.696957 0.282414 0.033201
1 0.286137 0.359863 0.063029 0.033201
1 0.140461 0.037929 0.013785 0.020051
2 0.315897 0.020883 0.013785 0.020051
2 0.564907 0.034675 0.013785 0.020051
3 0.517509 0.326356 0.013112 0.019867
3 0.577492 0.846517 0.013112 0.019867
