0 0.915374 0.052136 0.057615 0.034188
0 0.202125 0.402565 0.158092 0.034188
0 0.590941 0.607002 0.288312 0.034188
0 0.465335 0.425143 0.198166 0.034188
0 0.580568 0.701046 0.351678 0.034188
1 0.709801 0.870378 0.287111 0.042735
1 0.048487 0.611612 0.041962 0.042735
1 0.532710 0.212628 0.309482 0.042735
1 0.117203 0.056930 0.015190 0.025809
2 0.951007 0.347189 0.015190 0.025809
2 0.882216 0.610980 0.015190 0.025809
3 0.570661 0.169532 0.014449 0.025573
3 0.077259 0.124549 0.014449 0.025573
