0 0.693853 0.518697 0.346011 0.034602
0 0.649226 0.670033 0.681442 0.034602
0 0.546304 0.334107 0.152312 0.034602
0 0.512289 0.863955 0.580908 0.034602
0 0.418677 0.714412 0.528223 0.034602
1 0.442997 0.384991 0.687063 0.043253
1 0.378211 0.515944 0.151800 0.043253
1 0.689112 0.137859 0.477798 0.043253
1 0.412745 0.280020 0.018495 0.026122
2 0.917527 0.747685 0.018495 0.026122
2 0.861300 0.734138 0.018495 0.026122
3 0.476918 0.503437 0.017593 0.025882
3 0.047215 0.302428 0.017593 0.025882
