0 0.518512 0.223261 0.453763 0.028129
0 0.503033 0.746931 0.517592 0.028129
0 0.418089 0.327083 0.202149 0.028129
0 0.704344 0.512272 0.046079 0.028129
0 0.601351 0.170072 0.383847 0.028129
1 0.288541 0.432334 0.499629 0.035162
1 0.356651 0.607863 0.228372 0.035162
1 0.344503 0.820887 0.153032 0.035162
1 0.743981 0.045310 0.012954 0.021235
2 0.847295 0.971149 0.012954 0.021235
2 0.565747 0.655171 0.012954 0.021235
3 0.577109 0.478902 0.012322 0.021041
3 0.780938 0.597916 0.012322 0.021041
