0 0.604994 0.680339 0.387843 0.025413
0 0.482767 0.848084 0.168685 0.025413
0 0.653524 0.480662 0.235823 0.025413
0 0.604905 0.790525 0.425647 0.025413
0 0.207411 0.890669 0.351083 0.025413
1 0.405515 0.016125 0.128343 0.031766
1 0.430868 0.155067 0.231464 0.031766
1 0.855745 0.614459 0.138220 0.031766
1 0.438108 0.409431 0.011165 0.019185
2 0.569054 0.393904 0.011165 0.019185
2 0.648089 0.817747 0.011165 0.019185
3 0.398414 0.640909 0.010620 0.019009
3 0.213155 0.704161 0.010620 0.019009
