0 0.577270 0.063869 0.433524 0.018622
0 0.106501 0.399632 0.136859 0.018622
0 0.596260 0.275081 0.438857 0.018622
0 0.389278 0.483332 0.111911 0.018622
0 0.374665 0.815458 0.443960 0.018622
1 0.681455 0.376043 0.260162 0.023277
1 0.420712 0.670765 0.152163 0.023277
1 0.461512 0.222341 0.188097 0.023277
1 0.628632 0.193424 0.011661 0.014058
2 0.421823 0.631563 0.011661 0.014058
2 0.676165 0.915374 0.011661 0.014058
3 0.495253 0.185176 0.011092 0.013929
3 0.448655 0.521919 0.011092 0.013929
