0 0.306035 0.123562 0.518702 0.022247
0 0.627447 0.914764 0.157240 0.022247
0 0.566682 0.824955 0.645492 0.022247
0 0.468026 0.028519 0.088405 0.022247
0 0.671900 0.034976 0.249606 0.022247
1 0.725804 0.096596 0.146903 0.027809
1 0.674415 0.402398 0.535624 0.027809
1 0.207500 0.904677 0.273247 0.027809
1 0.531637 0.580692 0.016122 0.016795
2 0.368206 0.061005 0.016122 0.016795
2 0.675787 0.599296 0.016122 0.016795
3 0.825807 0.336096 0.015335 0.016641
3 0.130727 0.081055 0.015335 0.016641
