0 0.442754 0.959854 0.380067 0.045045
0 0.395638 0.831886 0.025861 0.045045
0 0.908636 0.218581 0.113511 0.045045
0 0.897297 0.628484 0.199334 0.045045
0 0.714333 0.569811 0.123157 0.045045
1 0.313946 0.764898 0.377305 0.056306
1 0.402024 0.427212 0.137537 0.056306
1 0.657736 0.340920 0.016515 0.056306
1 0.640749 0.707170 0.010486 0.034005
2 0.606435 0.454293 0.010486 0.034005
2 0.222812 0.175054 0.010486 0.034005
3 0.698340 0.018416 0.009974 0.033694
3 0.860838 0.926149 0.009974 0.033694
