0 0.683966 0.201017 0.117212 0.038986
0 0.765481 0.749517 0.395243 0.038986
0 0.248235 0.344909 0.007146 0.038986
0 0.765271 0.349625 0.038081 0.038986
0 0.415467 0.752950 0.187678 0.038986
1 0.541806 0.498261 0.321247 0.048733
1 0.208051 0.625470 0.108280 0.048733
1 0.178865 0.471655 0.239297 0.048733
1 0.091368 0.970513 0.010398 0.029431
2 0.530049 0.812169 0.010398 0.029431
2 0.598142 0.943702 0.010398 0.029431
3 0.471079 0.870174 0.009891 0.029162
3 0.842315 0.258584 0.009891 0.029162
