0 0.627802 0.499736 0.403399 0.019066
0 0.110181 0.288058 0.007048 0.019066
0 0.740054 0.751208 0.349487 0.019066
0 0.421671 0.117969 0.392804 0.019066
0 0.201656 0.561172 0.122873 0.019066
1 0.176629 0.592008 0.271507 0.023832
1 0.740251 0.117720 0.172647 0.023832
1 0.305658 0.806497 0.377688 0.023832
1 0.899507 0.313704 0.010874 0.014393
2 0.988998 0.039631 0.010874 0.014393
2 0.487923 0.772178 0.010874 0.014393
3 0.014308 0.342233 0.010343 0.014261
3 0.730485 0.254918 0.010343 0.014261
