0 0.783945 0.949468 0.207919 0.019608
0 0.361908 0.728626 0.248535 0.019608
0 0.720256 0.016423 0.487099 0.019608
0 0.293662 0.244838 0.374110 0.019608
0 0.543287 0.836206 0.073245 0.019608
1 0.563737 0.692964 0.283997 0.024510
1 0.613038 0.192413 0.401030 0.024510
1 0.117856 0.171599 0.235560 0.024510
1 0.185755 0.917176 0.012338 0.014802
2 0.384637 0.781850 0.012338 0.014802
2 0.624718 0.572917 0.012338 0.014802
3 0.949480 0.295497 0.011736 0.014667
3 0.658034 0.248639 0.011736 0.014667
