0 0.865254 0.174408 0.063525 0.020877
0 0.407666 0.925874 0.659295 0.020877
0 0.830650 0.796408 0.332451 0.020877
0 0.599649 0.273447 0.599083 0.020877
0 0.748284 0.076400 0.125237 0.020877
1 0.373823 0.441074 0.386076 0.026096
1 0.407351 0.824275 0.395578 0.026096
1 0.449706 0.151761 0.255237 0.026096
1 0.731369 0.577664 0.017235 0.015760
2 0.616813 0.469927 0.017235 0.015760
2 0.235021 0.120882 0.017235 0.015760
3 0.725000 0.169763 0.016393 0.015616
3 0.829480 0.480090 0.016393 0.015616
