0 0.362297 0.372610 0.345605 0.027100
0 0.801512 0.506081 0.384770 0.027100
0 0.235680 0.689602 0.137574 0.027100
0 0.770584 0.081139 0.296549 0.027100
0 0.555324 0.910119 0.168609 0.027100
1 0.545243 0.828703 0.358180 0.033875
1 0.776821 0.723471 0.197225 0.033875
1 0.560066 0.308944 0.221596 0.033875
1 0.005562 0.055564 0.010469 0.020458
2 0.424078 0.587802 0.010469 0.020458
2 0.574673 0.735293 0.010469 0.020458
3 0.220907 0.045239 0.009958 0.020271
3 0.189938 0.289786 0.009958 0.020271
