0 0.402428 0.291734 0.327981 0.021622
0 0.660976 0.570673 0.284019 0.021622
0 0.536316 0.498045 0.095223 0.021622
0 0.326207 0.592521 0.271973 0.021622
0 0.986651 0.560792 0.014316 0.021622
1 0.293037 0.415758 0.197008 0.027027
1 0.817841 0.226483 0.357572 0.027027
1 0.848962 0.878811 0.047676 0.027027
1 0.740838 0.492315 0.015942 0.016323
2 0.585523 0.810459 0.015942 0.016323
2 0.814792 0.054335 0.015942 0.016323
3 0.753366 0.174781 0.015164 0.016173
3 0.936004 0.314275 0.015164 0.016173
