0 0.163617 0.105026 0.038669 0.028902
0 0.070993 0.942016 0.060677 0.028902
0 0.153999 0.666554 0.010447 0.028902
0 0.742144 0.973103 0.343452 0.028902
0 0.881934 0.339420 0.079235 0.028902
1 0.227988 0.944433 0.018291 0.036127
1 0.598958 0.688881 0.125826 0.036127
1 0.175996 0.425699 0.142606 0.036127
1 0.794987 0.494879 0.011292 0.021818
2 0.635535 0.156145 0.011292 0.021818
2 0.806026 0.647439 0.011292 0.021818
3 0.516200 0.482453 0.010741 0.021618
3 0.277952 0.035775 0.010741 0.021618
