0 0.155645 0.209234 0.216445 0.035842
0 0.598660 0.549397 0.046510 0.035842
0 0.257722 0.073561 0.363993 0.035842
0 0.863637 0.830932 0.084397 0.035842
0 0.917568 0.964428 0.024037 0.035842
1 0.752523 0.085469 0.325461 0.044803
1 0.695784 0.363175 0.026182 0.044803
1 0.603539 0.232530 0.206472 0.044803
1 0.614231 0.359767 0.015236 0.027058
2 0.929418 0.551485 0.015236 0.027058
2 0.720592 0.139182 0.015236 0.027058
3 0.265499 0.880428 0.014493 0.026810
3 0.220787 0.668875 0.014493 0.026810
