0 0.322313 0.194666 0.046354 0.039216
0 0.665020 0.556737 0.298545 0.039216
0 0.549152 0.712330 0.384834 0.039216
0 0.446213 0.900076 0.480853 0.039216
0 0.877536 0.621063 0.054474 0.039216
1 0.271960 0.405683 0.461446 0.049020
1 0.398809 0.308957 0.442079 0.049020
1 0.221762 0.791287 0.247838 0.049020
1 0.465298 0.819298 0.012202 0.029605
2 0.630586 0.829925 0.012202 0.029605
2 0.672677 0.626659 0.012202 0.029605
3 0.108456 0.143313 0.011607 0.029333
3 0.246846 0.496323 0.011607 0.029333
