0 0.596812 0.848607 0.075728 0.018815
0 0.586327 0.571033 0.144429 0.018815
0 0.106986 0.067968 0.110886 0.018815
0 0.219014 0.901668 0.222567 0.018815
0 0.607511 0.520304 0.059960 0.018815
1 0.265666 0.314162 0.082191 0.023518
1 0.485846 0.718769 0.346226 0.023518
1 0.370676 0.118618 0.142488 0.023518
1 0.192751 0.846361 0.065665 0.023518
2 0.835870 0.352082 0.011273 0.014204
2 0.481939 0.198868 0.011273 0.014204
3 0.188354 0.967823 0.010722 0.014073
3 0.060694 0.929084 0.010722 0.014073
