0 0.191647 0.138742 0.065949 0.020921
0 0.603942 0.981604 0.254924 0.020921
0 0.370535 0.324986 0.230191 0.020921
0 0.518678 0.103504 0.027133 0.020921
0 0.980963 0.299682 0.031958 0.020921
1 0.290498 0.276497 0.429276 0.026151
1 0.452130 0.801694 0.348171 0.026151
1 0.346910 0.584601 0.342862 0.026151
1 0.724007 0.839348 0.012788 0.015793
2 0.771371 0.654566 0.012788 0.015793
2 0.336204 0.920285 0.012788 0.015793
3 0.463354 0.841709 0.012164 0.015649
3 0.614080 0.727298 0.012164 0.015649
