0 0.249370 0.459950 0.428076 0.047733
0 0.262187 0.914926 0.325106 0.047733
0 0.482596 0.156412 0.415888 0.047733
0 0.608936 0.236675 0.504517 0.047733
0 0.818805 0.728981 0.281891 0.047733
1 0.284255 0.307858 0.517581 0.059666
1 0.723940 0.835872 0.135655 0.059666
1 0.355196 0.774213 0.487828 0.059666
1 0.267887 0.615749 0.013124 0.036034
2 0.064241 0.244364 0.013124 0.036034
2 0.552557 0.312466 0.013124 0.036034
3 0.092566 0.036795 0.012484 0.035704
3 0.033608 0.206041 0.012484 0.035704
