0 0.569924 0.484766 0.310777 0.018315
0 0.301159 0.087792 0.440041 0.018315
0 0.405036 0.149168 0.443560 0.018315
0 0.598701 0.243040 0.580188 0.018315
0 0.515994 0.645540 0.264633 0.018315
1 0.839948 0.031730 0.213805 0.022894
1 0.371910 0.460248 0.240360 0.022894
1 0.280672 0.768617 0.474482 0.022894
1 0.703322 0.018524 0.019337 0.013826
2 0.044901 0.616723 0.019337 0.013826
2 0.630761 0.692053 0.019337 0.013826
3 0.934449 0.884319 0.018393 0.013700
3 0.600266 0.958944 0.018393 0.013700
