0 0.611104 0.552193 0.232427 0.019231
0 0.430313 0.021069 0.445605 0.019231
0 0.639304 0.112461 0.347928 0.019231
0 0.556131 0.894705 0.643920 0.019231
0 0.558373 0.809997 0.660220 0.019231
1 0.371161 0.374885 0.689534 0.024038
1 0.360278 0.679569 0.595945 0.024038
1 0.629233 0.236357 0.572692 0.024038
1 0.910014 0.276761 0.019188 0.014518
2 0.201951 0.527964 0.019188 0.014518
2 0.535661 0.508153 0.019188 0.014518
3 0.063825 0.437524 0.018252 0.014385
3 0.481172 0.710021 0.018252 0.014385
