0 0.561559 0.161529 0.177759 0.026144
0 0.682687 0.963315 0.252910 0.026144
0 0.462571 0.262536 0.364930 0.026144
0 0.698076 0.608946 0.371891 0.026144
0 0.675016 0.817129 0.442460 0.026144
1 0.214066 0.433974 0.409591 0.032680
1 0.636452 0.496892 0.060815 0.032680
1 0.711289 0.020996 0.193848 0.032680
1 0.855372 0.752877 0.011757 0.019736
2 0.921426 0.577916 0.011757 0.019736
2 0.269301 0.788146 0.011757 0.019736
3 0.258241 0.878775 0.011183 0.019556
3 0.184772 0.262315 0.011183 0.019556
