0 0.687041 0.254852 0.569821 0.016064
0 0.528621 0.795260 0.525337 0.016064
0 0.901481 0.342047 0.100961 0.016064
0 0.604838 0.212069 0.606353 0.016064
0 0.159055 0.014107 0.062744 0.016064
1 0.760633 0.884165 0.443552 0.020080
1 0.343044 0.077146 0.644903 0.020080
1 0.581512 0.915204 0.241380 0.020080
1 0.288855 0.674905 0.016109 0.012127
2 0.321943 0.575491 0.016109 0.012127
2 0.075673 0.277800 0.016109 0.012127
3 0.467257 0.140685 0.015323 0.012016
3 0.368357 0.842545 0.015323 0.012016
