0 0.457784 0.915488 0.423687 0.016779
0 0.789538 0.677155 0.245794 0.016779
0 0.921324 0.625925 0.113961 0.016779
0 0.615514 0.179241 0.413659 0.016779
0 0.229499 0.365358 0.158950 0.016779
1 0.711594 0.555271 0.157850 0.020973
1 0.768261 0.323444 0.234987 0.020973
1 0.291748 0.581534 0.213546 0.020973
1 0.310093 0.452920 0.304534 0.020973
2 0.643243 0.119474 0.011337 0.012666
2 0.058772 0.065000 0.011337 0.012666
3 0.954194 0.490898 0.010783 0.012550
3 0.505969 0.592002 0.010783 0.012550
