0 0.470802 0.299604 0.085525 0.015924
0 0.359381 0.878334 0.441934 0.015924
0 0.859890 0.893173 0.008882 0.015924
0 0.376312 0.574843 0.402152 0.015924
0 0.260293 0.357995 0.328164 0.015924
1 0.542055 0.639605 0.083846 0.019904
1 0.415059 0.073871 0.343272 0.019904
1 0.277129 0.193607 0.091867 0.019904
1 0.259257 0.394546 0.011103 0.012021
2 0.680897 0.734939 0.011103 0.012021
2 0.166231 0.712853 0.011103 0.012021
3 0.234358 0.984626 0.010561 0.011911
3 0.556746 0.854097 0.010561 0.011911
