0 0.695711 0.308070 0.406024 0.026490
0 0.356732 0.343996 0.025391 0.026490
0 0.790485 0.462541 0.239180 0.026490
0 0.560617 0.731544 0.024049 0.026490
0 0.652739 0.240328 0.381412 0.026490
1 0.820888 0.134993 0.266844 0.033113
1 0.548804 0.065333 0.139724 0.033113
1 0.621543 0.965863 0.092898 0.033113
1 0.684042 0.878942 0.010486 0.019998
2 0.341399 0.188195 0.010486 0.019998
2 0.344688 0.844900 0.010486 0.019998
3 0.559264 0.674929 0.009974 0.019815
3 0.245441 0.473996 0.009974 0.019815
