0 0.680799 0.262712 0.064564 0.021277
0 0.237378 0.509219 0.313567 0.021277
0 0.545305 0.233591 0.481156 0.021277
0 0.391758 0.097875 0.336240 0.021277
0 0.442409 0.142705 0.422336 0.021277
1 0.791993 0.579273 0.413339 0.026596
1 0.083246 0.920049 0.147429 0.026596
1 0.873985 0.050250 0.106130 0.026596
1 0.205569 0.039370 0.013272 0.016062
2 0.400341 0.438304 0.013272 0.016062
2 0.465436 0.759148 0.013272 0.016062
3 0.029604 0.174266 0.012625 0.015915
3 0.066165 0.753711 0.012625 0.015915
