0 0.667514 0.507943 0.383514 0.029806
0 0.206238 0.300989 0.037528 0.029806
0 0.372898 0.725613 0.406486 0.029806
0 0.818865 0.770946 0.228116 0.029806
0 0.288532 0.449349 0.451096 0.029806
1 0.205040 0.229800 0.314381 0.037258
1 0.206730 0.112125 0.202601 0.037258
1 0.358712 0.330554 0.102610 0.037258
1 0.582210 0.317790 0.013021 0.022501
2 0.499022 0.909512 0.013021 0.022501
2 0.525792 0.307978 0.013021 0.022501
3 0.337593 0.415824 0.012386 0.022295
3 0.667964 0.012946 0.012386 0.022295
