0 0.252900 0.880329 0.317348 0.019249
0 0.141824 0.496581 0.047315 0.019249
0 0.390857 0.853097 0.301088 0.019249
0 0.538923 0.229167 0.452394 0.019249
0 0.627005 0.897040 0.033424 0.019249
1 0.337889 0.659793 0.498246 0.024062
1 0.142626 0.352818 0.092808 0.024062
1 0.683333 0.826285 0.560724 0.024062
1 0.337435 0.756353 0.015521 0.014532
2 0.981346 0.503472 0.015521 0.014532
2 0.168785 0.910872 0.015521 0.014532
3 0.798373 0.566468 0.014763 0.014398
3 0.515128 0.577334 0.014763 0.014398
