0 0.207507 0.196089 0.201161 0.025940
0 0.355274 0.840013 0.455515 0.025940
0 0.223030 0.896753 0.056598 0.025940
0 0.607364 0.690306 0.230379 0.025940
0 0.356110 0.410069 0.441615 0.025940
1 0.246903 0.622767 0.273401 0.032425
1 0.284088 0.480265 0.303441 0.032425
1 0.738058 0.046391 0.167992 0.032425
1 0.859098 0.706440 0.146212 0.032425
2 0.200808 0.277918 0.013038 0.019583
2 0.549218 0.145792 0.013038 0.019583
3 0.624154 0.649007 0.012402 0.019403
3 0.280637 0.789087 0.012402 0.019403
