0 0.379529 0.311914 0.411337 0.032573
0 0.298840 0.696113 0.441590 0.032573
0 0.514362 0.018892 0.431892 0.032573
0 0.805649 0.710740 0.125475 0.032573
0 0.347627 0.799185 0.047335 0.032573
1 0.829950 0.627363 0.144609 0.040717
1 0.621451 0.372108 0.387659 0.040717
1 0.552311 0.952432 0.394361 0.040717
1 0.454863 0.074533 0.014370 0.024590
2 0.823432 0.961953 0.014370 0.024590
2 0.648287 0.847840 0.014370 0.024590
3 0.856346 0.960258 0.013669 0.024365
3 0.075717 0.201023 0.013669 0.024365
