0 0.341357 0.731067 0.604615 0.042827
0 0.669848 0.374913 0.327626 0.042827
0 0.663077 0.162269 0.481191 0.042827
0 0.689252 0.247629 0.542419 0.042827
0 0.575841 0.548964 0.291007 0.042827
1 0.264936 0.307460 0.431864 0.053533
1 0.712317 0.059024 0.573468 0.053533
1 0.498622 0.800074 0.626407 0.053533
1 0.352345 0.174875 0.016266 0.032330
2 0.440297 0.614173 0.016266 0.032330
2 0.238805 0.630485 0.016266 0.032330
3 0.687114 0.687121 0.015472 0.032034
3 0.134491 0.853707 0.015472 0.032034
