0 0.603098 0.056959 0.300901 0.018797
0 0.546902 0.237334 0.214231 0.018797
0 0.540284 0.649027 0.022838 0.018797
0 0.784908 0.936064 0.320155 0.018797
0 0.720246 0.787292 0.206404 0.018797
1 0.535408 0.305528 0.325161 0.023496
1 0.727864 0.584977 0.184582 0.023496
1 0.348848 0.830523 0.338234 0.023496
1 0.017289 0.282303 0.010339 0.014190
2 0.168200 0.991239 0.010339 0.014190
2 0.507248 0.469239 0.010339 0.014190
3 0.351566 0.189930 0.009834 0.014060
3 0.521743 0.958714 0.009834 0.014060
