0 0.348202 0.144312 0.180601 0.016653
0 0.342176 0.630863 0.242949 0.016653
0 0.436829 0.495042 0.284739 0.016653
0 0.707006 0.179802 0.202845 0.016653
0 0.269092 0.084843 0.137084 0.016653
1 0.628856 0.427172 0.174266 0.020816
1 0.616265 0.563314 0.091626 0.020816
1 0.598642 0.587900 0.387337 0.020816
1 0.591730 0.497602 0.010563 0.012571
2 0.023464 0.112496 0.010563 0.012571
2 0.509535 0.034465 0.010563 0.012571
3 0.424491 0.264362 0.010048 0.012456
3 0.872130 0.991301 0.010048 0.012456
