0 0.630982 0.407503 0.008875 0.037313
0 0.446959 0.116393 0.051932 0.037313
0 0.673451 0.834426 0.215187 0.037313
0 0.385551 0.632365 0.300118 0.037313
0 0.658250 0.144395 0.274316 0.037313
1 0.788627 0.556541 0.282757 0.046642
1 0.204769 0.315793 0.223507 0.046642
1 0.398728 0.044616 0.296168 0.046642
1 0.934816 0.016811 0.010265 0.028169
2 0.812549 0.473521 0.010265 0.028169
2 0.717482 0.286578 0.010265 0.028169
3 0.409050 0.732492 0.009764 0.027910
3 0.715822 0.480005 0.009764 0.027910
