0 0.156723 0.823944 0.032712 0.025349
0 0.271803 0.346994 0.256852 0.025349
0 0.430257 0.653796 0.059306 0.025349
0 0.475943 0.095432 0.550998 0.025349
0 0.439535 0.704168 0.514494 0.025349
1 0.707682 0.389170 0.222126 0.031686
1 0.386732 0.238045 0.045731 0.031686
1 0.478945 0.158850 0.198145 0.031686
1 0.243128 0.459946 0.431897 0.031686
2 0.281214 0.528311 0.015190 0.019136
2 0.622870 0.227501 0.015190 0.019136
3 0.929618 0.256446 0.014449 0.018961
3 0.888023 0.142709 0.014449 0.018961
