0 0.266258 0.580290 0.398675 0.033333
0 0.363873 0.157068 0.310581 0.033333
0 0.443481 0.275714 0.363102 0.033333
0 0.547932 0.695878 0.646865 0.033333
0 0.171568 0.834340 0.112546 0.033333
1 0.396913 0.497573 0.286472 0.041667
1 0.706755 0.401383 0.510587 0.041667
1 0.667513 0.038520 0.152671 0.041667
1 0.765139 0.088775 0.280395 0.041667
2 0.213332 0.976260 0.019895 0.025164
2 0.072900 0.679471 0.019895 0.025164
3 0.205859 0.877089 0.018924 0.024933
3 0.411004 0.928656 0.018924 0.024933
