0 0.309638 0.109682 0.521837 0.038760
0 0.206155 0.414410 0.124672 0.038760
0 0.097182 0.887633 0.012459 0.038760
0 0.619236 0.856749 0.619743 0.038760
0 0.291903 0.277676 0.019249 0.038760
1 0.365298 0.209645 0.475952 0.048450
1 0.524048 0.662489 0.582727 0.048450
1 0.628283 0.803603 0.409361 0.048450
1 0.138718 0.857963 0.017250 0.029260
2 0.649711 0.342196 0.017250 0.029260
2 0.676434 0.106590 0.017250 0.029260
3 0.860628 0.551373 0.016408 0.028992
3 0.692350 0.050602 0.016408 0.028992
