0 0.568402 0.813132 0.199962 0.051020
0 0.433060 0.165903 0.491156 0.051020
0 0.884438 0.329893 0.208836 0.051020
0 0.167538 0.912465 0.198730 0.051020
0 0.864305 0.095829 0.151089 0.051020
1 0.449851 0.389871 0.082998 0.063776
1 0.250042 0.256359 0.287006 0.063776
1 0.449326 0.712934 0.258874 0.063776
1 0.935917 0.874876 0.015260 0.038516
2 0.317757 0.599055 0.015260 0.038516
2 0.057789 0.529187 0.015260 0.038516
3 0.014580 0.725827 0.014515 0.038163
3 0.268521 0.065271 0.014515 0.038163
