0 0.548621 0.547771 0.393582 0.025221
0 0.804603 0.529167 0.042166 0.025221
0 0.289561 0.486676 0.205584 0.025221
0 0.684141 0.121679 0.208828 0.025221
0 0.864619 0.067287 0.036706 0.025221
1 0.387527 0.087376 0.268971 0.031526
1 0.531752 0.361231 0.195682 0.031526
1 0.511457 0.984195 0.226317 0.031526
1 0.649179 0.859187 0.010815 0.019040
2 0.097188 0.903781 0.010815 0.019040
2 0.672107 0.315263 0.010815 0.019040
3 0.676186 0.367178 0.010287 0.018865
3 0.357207 0.257989 0.010287 0.018865
