0 0.494999 0.704284 0.305144 0.025094
0 0.893506 0.886356 0.057032 0.025094
0 0.604123 0.267138 0.351549 0.025094
0 0.330111 0.048669 0.540203 0.025094
0 0.413039 0.963518 0.488452 0.025094
1 0.465122 0.462554 0.451452 0.031368
1 0.514533 0.112281 0.492114 0.031368
1 0.652795 0.793020 0.150096 0.031368
1 0.977043 0.690339 0.013959 0.018944
2 0.193399 0.312888 0.013959 0.018944
2 0.211102 0.547251 0.013959 0.018944
3 0.068452 0.798854 0.013277 0.018770
3 0.858241 0.228361 0.013277 0.018770
