0 0.336158 0.932607 0.441142 0.029895
0 0.764129 0.040149 0.108916 0.029895
0 0.574307 0.455552 0.507318 0.029895
0 0.884637 0.242703 0.065506 0.029895
0 0.584467 0.406058 0.659100 0.029895
1 0.661775 0.844098 0.057817 0.037369
1 0.790744 0.341831 0.275071 0.037369
1 0.895567 0.611277 0.184777 0.037369
1 0.042123 0.755455 0.019955 0.022569
2 0.645600 0.674893 0.019955 0.022569
2 0.309791 0.636630 0.019955 0.022569
3 0.444507 0.619410 0.018981 0.022362
3 0.637946 0.552552 0.018981 0.022362
