0 0.173860 0.226191 0.282629 0.021645
0 0.290469 0.950734 0.429729 0.021645
0 0.705648 0.681022 0.400969 0.021645
0 0.332303 0.324374 0.491724 0.021645
0 0.378434 0.584095 0.362649 0.021645
1 0.228209 0.449040 0.401129 0.027056
1 0.342542 0.379129 0.422384 0.027056
1 0.450697 0.512666 0.740292 0.027056
1 0.935900 0.564483 0.019115 0.016340
2 0.230226 0.298766 0.019115 0.016340
2 0.078912 0.697100 0.019115 0.016340
3 0.858952 0.357558 0.018182 0.016190
3 0.253544 0.054640 0.018182 0.016190
