0 0.362498 0.288707 0.521870 0.052356
0 0.849812 0.039366 0.179765 0.052356
0 0.912206 0.495781 0.158420 0.052356
0 0.458698 0.198361 0.578600 0.052356
0 0.399245 0.487545 0.447132 0.052356
1 0.345277 0.725778 0.420576 0.065445
1 0.438106 0.890186 0.319837 0.065445
1 0.545599 0.387226 0.205229 0.065445
1 0.895779 0.174873 0.017819 0.039524
2 0.717535 0.943698 0.017819 0.039524
2 0.880378 0.354380 0.017819 0.039524
3 0.802887 0.899061 0.016949 0.039162
3 0.407332 0.097192 0.016949 0.039162
