0 0.280286 0.380828 0.378151 0.017346
0 0.707697 0.024359 0.411849 0.017346
0 0.223210 0.603511 0.368117 0.017346
0 0.513216 0.492459 0.063474 0.017346
0 0.557963 0.101339 0.253960 0.017346
1 0.514912 0.829550 0.069898 0.021683
1 0.079871 0.683853 0.147077 0.021683
1 0.563482 0.885520 0.389639 0.021683
1 0.864687 0.257438 0.011414 0.013095
2 0.616182 0.438203 0.011414 0.013095
2 0.442866 0.980673 0.011414 0.013095
3 0.128699 0.481025 0.010857 0.012975
3 0.744216 0.799310 0.010857 0.012975
