0 0.645615 0.173697 0.469998 0.046296
0 0.778723 0.865909 0.359482 0.046296
0 0.241847 0.833673 0.058995 0.046296
0 0.673940 0.962500 0.499175 0.046296
0 0.446922 0.794631 0.262001 0.046296
1 0.675079 0.685109 0.355677 0.057870
1 0.261022 0.896357 0.418756 0.057870
1 0.544286 0.614545 0.580778 0.057870
1 0.809709 0.460150 0.015449 0.034950
2 0.662348 0.439946 0.015449 0.034950
2 0.156041 0.503200 0.015449 0.034950
3 0.680875 0.385502 0.014695 0.034630
3 0.552078 0.859198 0.014695 0.034630
