0 0.732174 0.731637 0.528924 0.026774
0 0.288972 0.247256 0.043846 0.026774
0 0.867371 0.302081 0.130989 0.026774
0 0.882173 0.351424 0.180272 0.026774
0 0.553620 0.936029 0.195593 0.026774
1 0.438523 0.382285 0.509677 0.033467
1 0.432527 0.804390 0.565138 0.033467
1 0.471577 0.211109 0.477989 0.033467
1 0.050673 0.787759 0.015816 0.020212
2 0.442925 0.437835 0.015816 0.020212
2 0.948066 0.107463 0.015816 0.020212
3 0.244227 0.732516 0.015044 0.020027
3 0.189831 0.588869 0.015044 0.020027
