0 0.608613 0.588935 0.467961 0.016892
0 0.364163 0.675053 0.570931 0.016892
0 0.514144 0.369100 0.334252 0.016892
0 0.768238 0.469295 0.108624 0.016892
0 0.271493 0.909516 0.487393 0.016892
1 0.569900 0.542917 0.199342 0.021115
1 0.887731 0.151550 0.130763 0.021115
1 0.444572 0.639545 0.320649 0.021115
1 0.349025 0.307522 0.014475 0.012752
2 0.523351 0.457384 0.014475 0.012752
2 0.761801 0.489384 0.014475 0.012752
3 0.108644 0.149611 0.013768 0.012635
3 0.475579 0.394688 0.013768 0.012635
