0 0.681806 0.228728 0.319368 0.023419
0 0.175601 0.461189 0.284010 0.023419
0 0.475519 0.177198 0.237906 0.023419
0 0.478341 0.548785 0.312021 0.023419
0 0.289517 0.221430 0.428581 0.023419
1 0.713199 0.802051 0.145540 0.029274
1 0.360614 0.685168 0.199917 0.029274
1 0.368655 0.126053 0.438491 0.029274
1 0.426193 0.915076 0.011134 0.017680
2 0.717557 0.106513 0.011134 0.017680
2 0.650514 0.142527 0.011134 0.017680
3 0.026205 0.309659 0.010591 0.017518
3 0.741335 0.651657 0.010591 0.017518
