0 0.034023 0.408452 0.008998 0.024096
0 0.233376 0.581963 0.348418 0.024096
0 0.864860 0.587245 0.182294 0.024096
0 0.587674 0.666912 0.547073 0.024096
0 0.184747 0.861342 0.067402 0.024096
1 0.732786 0.843790 0.398360 0.030120
1 0.857064 0.325063 0.260426 0.030120
1 0.439403 0.261270 0.301606 0.030120
1 0.891716 0.229134 0.015019 0.018191
2 0.929369 0.198318 0.015019 0.018191
2 0.319590 0.142610 0.015019 0.018191
3 0.285448 0.139711 0.014286 0.018024
3 0.352624 0.395523 0.014286 0.018024
