0 0.211774 0.861312 0.256535 0.034602
0 0.640231 0.511684 0.404405 0.034602
0 0.629318 0.185126 0.468879 0.034602
0 0.149664 0.561670 0.011765 0.034602
0 0.590427 0.081130 0.052732 0.034602
1 0.602323 0.607807 0.341307 0.043253
1 0.790638 0.706760 0.191948 0.043253
1 0.457255 0.379480 0.463543 0.043253
1 0.357337 0.818821 0.017175 0.026122
2 0.372574 0.628879 0.017175 0.026122
2 0.459720 0.812098 0.017175 0.026122
3 0.188234 0.390679 0.016337 0.025882
3 0.815733 0.048376 0.016337 0.025882
