0 0.661191 0.119412 0.357038 0.047059
0 0.695498 0.561276 0.061718 0.047059
0 0.516478 0.919892 0.623021 0.047059
0 0.535359 0.502962 0.429223 0.047059
0 0.770208 0.715706 0.159270 0.047059
1 0.494683 0.851018 0.670217 0.058824
1 0.747013 0.031369 0.304237 0.058824
1 0.370771 0.344621 0.203665 0.058824
1 0.443069 0.092887 0.017724 0.035526
2 0.898004 0.867052 0.017724 0.035526
2 0.750262 0.424045 0.017724 0.035526
3 0.176649 0.324239 0.016859 0.035200
3 0.713618 0.423662 0.016859 0.035200
