0 0.333746 0.083993 0.552670 0.020040
0 0.603625 0.142083 0.398436 0.020040
0 0.741283 0.693398 0.211519 0.020040
0 0.329754 0.882236 0.055251 0.020040
0 0.326136 0.960587 0.401943 0.020040
1 0.504968 0.622249 0.516616 0.025050
1 0.749270 0.310876 0.177649 0.025050
1 0.504552 0.278233 0.494616 0.025050
1 0.639273 0.519590 0.013978 0.015129
2 0.567621 0.014454 0.013978 0.015129
2 0.421601 0.481673 0.013978 0.015129
3 0.922742 0.079446 0.013296 0.014990
3 0.881450 0.274790 0.013296 0.014990
