0 0.676729 0.490150 0.568866 0.049875
0 0.429103 0.682756 0.451669 0.049875
0 0.612893 0.953916 0.190997 0.049875
0 0.639493 0.229395 0.582210 0.049875
0 0.206393 0.845527 0.184298 0.049875
1 0.504390 0.123541 0.047948 0.062344
1 0.377695 0.765492 0.573669 0.062344
1 0.834760 0.125106 0.171468 0.062344
1 0.135603 0.684252 0.015891 0.037652
2 0.262921 0.060611 0.015891 0.037652
2 0.345049 0.518080 0.015891 0.037652
3 0.846622 0.690554 0.015115 0.037307
3 0.869988 0.702633 0.015115 0.037307
