0 0.397982 0.315992 0.374710 0.036166
0 0.742486 0.143563 0.492148 0.036166
0 0.429614 0.046995 0.439265 0.036166
0 0.685492 0.676332 0.262691 0.036166
0 0.165545 0.894121 0.116425 0.036166
1 0.330487 0.655262 0.028755 0.045208
1 0.205675 0.716381 0.038808 0.045208
1 0.598747 0.794611 0.443165 0.045208
1 0.189263 0.248129 0.015167 0.027303
2 0.114139 0.192666 0.015167 0.027303
2 0.298186 0.555746 0.015167 0.027303
3 0.379214 0.140179 0.014427 0.027052
3 0.387443 0.225298 0.014427 0.027052
