0 0.789103 0.953553 0.250689 0.021716
0 0.557049 0.081637 0.391370 0.021716
0 0.617652 0.346082 0.227108 0.021716
0 0.808293 0.282475 0.285599 0.021716
0 0.497124 0.856788 0.329064 0.021716
1 0.180618 0.644758 0.217866 0.027144
1 0.545391 0.653533 0.070430 0.027144
1 0.533087 0.921327 0.443275 0.027144
1 0.723874 0.393707 0.011506 0.016393
2 0.082626 0.422715 0.011506 0.016393
2 0.639542 0.395496 0.011506 0.016393
3 0.343214 0.604102 0.010945 0.016243
3 0.207515 0.976010 0.010945 0.016243
