0 0.297664 0.211824 0.398346 0.037879
0 0.419593 0.652479 0.246333 0.037879
0 0.196037 0.321712 0.185502 0.037879
0 0.632092 0.145744 0.146785 0.037879
0 0.256824 0.469528 0.314394 0.037879
1 0.482809 0.311221 0.084981 0.047348
1 0.397600 0.150848 0.051208 0.047348
1 0.488376 0.834821 0.108665 0.047348
1 0.984898 0.308974 0.010945 0.028595
2 0.235597 0.760755 0.010945 0.028595
2 0.203471 0.597830 0.010945 0.028595
3 0.521014 0.026232 0.010411 0.028333
3 0.942328 0.093845 0.010411 0.028333
