0 0.741511 0.209845 0.182695 0.024876
0 0.469804 0.801810 0.234813 0.024876
0 0.566653 0.267850 0.606431 0.024876
0 0.260161 0.377101 0.243847 0.024876
0 0.128701 0.821363 0.035903 0.024876
1 0.383185 0.607876 0.641606 0.031095
1 0.261711 0.319210 0.029490 0.031095
1 0.766655 0.684762 0.119068 0.031095
1 0.625517 0.834899 0.017599 0.018779
2 0.707385 0.355438 0.017599 0.018779
2 0.895414 0.562753 0.017599 0.018779
3 0.487930 0.533874 0.016740 0.018607
3 0.458222 0.574324 0.016740 0.018607
