0 0.607914 0.898061 0.347054 0.016340
0 0.850956 0.375678 0.010070 0.016340
0 0.794799 0.853894 0.015966 0.016340
0 0.420749 0.364860 0.417643 0.016340
0 0.370374 0.736033 0.328910 0.016340
1 0.854677 0.584821 0.121346 0.020425
1 0.811075 0.158817 0.317777 0.020425
1 0.150568 0.161766 0.205037 0.020425
1 0.608019 0.041123 0.011736 0.012335
2 0.624209 0.754756 0.011736 0.012335
2 0.121855 0.094096 0.011736 0.012335
3 0.559492 0.194741 0.011163 0.012222
3 0.016459 0.707856 0.011163 0.012222
