0 0.735143 0.180885 0.157627 0.035524
0 0.763136 0.467750 0.467170 0.035524
0 0.226029 0.609353 0.168805 0.035524
0 0.643964 0.844665 0.468774 0.035524
0 0.436531 0.024777 0.429010 0.035524
1 0.624122 0.664785 0.392996 0.044405
1 0.139174 0.750807 0.031598 0.044405
1 0.704540 0.952061 0.459278 0.044405
1 0.507226 0.412559 0.012165 0.026818
2 0.065092 0.446815 0.012165 0.026818
2 0.415622 0.282697 0.012165 0.026818
3 0.427712 0.787954 0.011571 0.026572
3 0.069775 0.185656 0.011571 0.026572
