0 0.414030 0.713761 0.385370 0.019666
0 0.324074 0.893761 0.356442 0.019666
0 0.136277 0.946983 0.029175 0.019666
0 0.451816 0.468904 0.251213 0.019666
0 0.174812 0.795384 0.025801 0.019666
1 0.316975 0.421488 0.286342 0.024582
1 0.180245 0.661166 0.206061 0.024582
1 0.382601 0.122840 0.151487 0.024582
1 0.885797 0.514612 0.012579 0.014846
2 0.806037 0.226589 0.012579 0.014846
2 0.529145 0.177054 0.012579 0.014846
3 0.201555 0.983966 0.011965 0.014710
3 0.042886 0.893253 0.011965 0.014710
