0 0.632946 0.387152 0.457680 0.021097
0 0.265012 0.893325 0.157005 0.021097
0 0.309682 0.976296 0.334477 0.021097
0 0.109635 0.172373 0.057992 0.021097
0 0.916818 0.102449 0.055500 0.021097
1 0.475612 0.698026 0.255366 0.026371
1 0.629361 0.826888 0.298632 0.026371
1 0.160601 0.084476 0.288858 0.026371
1 0.118516 0.795022 0.012180 0.015927
2 0.245758 0.860817 0.012180 0.015927
2 0.111548 0.941501 0.012180 0.015927
3 0.381363 0.081589 0.011585 0.015781
3 0.203985 0.599239 0.011585 0.015781
