0 0.330177 0.427443 0.162793 0.016051
0 0.589741 0.144800 0.262716 0.016051
0 0.643868 0.234576 0.366837 0.016051
0 0.253508 0.723751 0.355284 0.016051
0 0.135473 0.060596 0.184710 0.016051
1 0.641926 0.662826 0.421468 0.020064
1 0.473817 0.689830 0.160357 0.020064
1 0.588377 0.908633 0.168396 0.020064
1 0.542565 0.958311 0.011681 0.012117
2 0.014318 0.958389 0.011681 0.012117
2 0.314998 0.258926 0.011681 0.012117
3 0.319658 0.786788 0.011111 0.012006
3 0.333551 0.333963 0.011111 0.012006
