0 0.621408 0.452647 0.634278 0.021692
0 0.772030 0.145513 0.226737 0.021692
0 0.610549 0.393512 0.685976 0.021692
0 0.505039 0.544123 0.490065 0.021692
0 0.342750 0.581490 0.570787 0.021692
1 0.447609 0.326838 0.585300 0.027115
1 0.821048 0.499219 0.067513 0.027115
1 0.567736 0.978905 0.223278 0.027115
1 0.877142 0.174779 0.017250 0.016376
2 0.204448 0.928252 0.017250 0.016376
2 0.258355 0.682776 0.017250 0.016376
3 0.132663 0.404821 0.016408 0.016226
3 0.321371 0.037157 0.016408 0.016226
