0 0.685628 0.970571 0.374170 0.043478
0 0.748824 0.215593 0.391370 0.043478
0 0.576995 0.100056 0.586776 0.043478
0 0.542013 0.698409 0.534171 0.043478
0 0.464290 0.611312 0.443897 0.043478
1 0.107208 0.115691 0.035267 0.054348
1 0.245755 0.322428 0.444138 0.054348
1 0.453034 0.819946 0.258548 0.054348
1 0.891964 0.760303 0.015121 0.032822
2 0.317734 0.970348 0.015121 0.032822
2 0.774783 0.018559 0.015121 0.032822
3 0.015329 0.614715 0.014383 0.032522
3 0.506380 0.167455 0.014383 0.032522
