0 0.679099 0.879997 0.506300 0.034722
0 0.528909 0.290539 0.341048 0.034722
0 0.595496 0.332423 0.672164 0.034722
0 0.502584 0.069183 0.624727 0.034722
0 0.724122 0.824188 0.470819 0.034722
1 0.656557 0.738988 0.624778 0.043403
1 0.532026 0.468880 0.147635 0.043403
1 0.382425 0.629968 0.555104 0.043403
1 0.218982 0.900236 0.017522 0.026212
2 0.149933 0.233684 0.017522 0.026212
2 0.754108 0.420697 0.017522 0.026212
3 0.435303 0.806382 0.016667 0.025972
3 0.860943 0.664874 0.016667 0.025972
