0 0.278353 0.090942 0.175856 0.016207
0 0.167178 0.355330 0.019218 0.016207
0 0.378033 0.616829 0.108721 0.016207
0 0.619148 0.223515 0.017348 0.016207
0 0.613968 0.288220 0.354906 0.016207
1 0.346626 0.940287 0.275587 0.020259
1 0.678180 0.556164 0.432911 0.020259
1 0.108293 0.912641 0.057322 0.020259
1 0.652175 0.148675 0.010951 0.012235
2 0.979063 0.440814 0.010951 0.012235
2 0.095908 0.517528 0.010951 0.012235
3 0.817088 0.799606 0.010417 0.012123
3 0.164662 0.782889 0.010417 0.012123
