0 0.924165 0.928570 0.127973 0.017809
0 0.525994 0.737855 0.235816 0.017809
0 0.166874 0.877360 0.261329 0.017809
0 0.563552 0.332381 0.287617 0.017809
0 0.826745 0.059883 0.114669 0.017809
1 0.787344 0.842715 0.377898 0.022262
1 0.169116 0.240925 0.210822 0.022262
1 0.205765 0.513651 0.369149 0.022262
1 0.107470 0.461185 0.010682 0.013445
2 0.272368 0.585103 0.010682 0.013445
2 0.326677 0.254658 0.010682 0.013445
3 0.195073 0.304341 0.010160 0.013321
3 0.309376 0.366406 0.010160 0.013321
