0 0.244917 0.689191 0.358750 0.026631
0 0.403806 0.724388 0.142679 0.026631
0 0.184259 0.398199 0.044643 0.026631
0 0.600873 0.014383 0.293226 0.026631
0 0.635260 0.357324 0.436551 0.026631
1 0.603142 0.848057 0.453200 0.033289
1 0.633501 0.433505 0.602969 0.033289
1 0.640788 0.762585 0.556938 0.033289
1 0.080353 0.029618 0.016467 0.020104
2 0.402226 0.599116 0.016467 0.020104
2 0.325309 0.113765 0.016467 0.020104
3 0.987538 0.812230 0.015664 0.019920
3 0.179400 0.169077 0.015664 0.019920
