0 0.501848 0.578969 0.123221 0.037594
0 0.402001 0.216209 0.420338 0.037594
0 0.338073 0.324410 0.421402 0.037594
0 0.831088 0.458604 0.294706 0.037594
0 0.292781 0.368631 0.201272 0.037594
1 0.698978 0.889497 0.083119 0.046992
1 0.431523 0.478173 0.374273 0.046992
1 0.434127 0.933330 0.139128 0.046992
1 0.303219 0.688095 0.010791 0.028380
2 0.130452 0.765257 0.010791 0.028380
2 0.706317 0.183043 0.010791 0.028380
3 0.579277 0.895279 0.010265 0.028120
3 0.940091 0.226121 0.010265 0.028120
