0 0.704283 0.554173 0.528566 0.020040
0 0.379638 0.809199 0.569665 0.020040
0 0.516561 0.502653 0.546656 0.020040
0 0.824188 0.776975 0.018653 0.020040
0 0.348084 0.057482 0.457932 0.020040
1 0.701553 0.310088 0.425907 0.025050
1 0.235642 0.738191 0.090866 0.025050
1 0.546763 0.695887 0.518960 0.025050
1 0.077814 0.872905 0.015121 0.015129
2 0.056883 0.155595 0.015121 0.015129
2 0.683101 0.192312 0.015121 0.015129
3 0.381698 0.090480 0.014383 0.014990
3 0.662112 0.721548 0.014383 0.014990
