0 0.718787 0.393857 0.248705 0.026738
0 0.808017 0.103494 0.248024 0.026738
0 0.397959 0.550713 0.344907 0.026738
0 0.588632 0.213647 0.269007 0.026738
0 0.974258 0.683247 0.014695 0.026738
1 0.691454 0.962899 0.231568 0.033422
1 0.415557 0.612101 0.045637 0.033422
1 0.421969 0.304182 0.333821 0.033422
1 0.487478 0.059825 0.010486 0.020185
2 0.898558 0.132607 0.010486 0.020185
2 0.116517 0.745159 0.010486 0.020185
3 0.921324 0.463920 0.009974 0.020000
3 0.283971 0.160339 0.009974 0.020000
