0 0.526373 0.734738 0.049862 0.020619
0 0.149052 0.075582 0.188618 0.020619
0 0.342714 0.315870 0.532282 0.020619
0 0.447283 0.786011 0.573509 0.020619
0 0.388740 0.346816 0.521664 0.020619
1 0.585151 0.577394 0.623572 0.025773
1 0.223923 0.606403 0.071629 0.025773
1 0.765995 0.966748 0.184644 0.025773
1 0.087913 0.886709 0.017756 0.015565
2 0.550355 0.239892 0.017756 0.015565
2 0.540767 0.991329 0.017756 0.015565
3 0.062859 0.486656 0.016889 0.015423
3 0.976211 0.990439 0.016889 0.015423
