0 0.913917 0.190247 0.026432 0.017730
0 0.857425 0.905221 0.139152 0.017730
0 0.402924 0.158370 0.588655 0.017730
0 0.290561 0.597152 0.169302 0.017730
0 0.147351 0.812643 0.072838 0.017730
1 0.715195 0.343495 0.545382 0.022163
1 0.355024 0.840972 0.049804 0.022163
1 0.603372 0.012320 0.587317 0.022163
1 0.416769 0.701464 0.018225 0.013385
2 0.980220 0.099429 0.018225 0.013385
2 0.534532 0.090034 0.018225 0.013385
3 0.762901 0.109616 0.017336 0.013262
3 0.509868 0.443577 0.017336 0.013262
