0 0.531581 0.953643 0.340457 0.017559
0 0.671206 0.151708 0.430842 0.017559
0 0.434736 0.818807 0.231297 0.017559
0 0.613694 0.026369 0.320944 0.017559
0 0.504751 0.574856 0.575000 0.017559
1 0.539216 0.179890 0.398122 0.021949
1 0.411944 0.922337 0.584207 0.021949
1 0.646176 0.238092 0.491826 0.021949
1 0.418072 0.457510 0.014666 0.013256
2 0.924145 0.165343 0.014666 0.013256
2 0.890582 0.359772 0.014666 0.013256
3 0.409803 0.215920 0.013950 0.013134
3 0.674294 0.542879 0.013950 0.013134
