0 0.401256 0.825525 0.285253 0.034305
0 0.321370 0.915288 0.165076 0.034305
0 0.751705 0.136533 0.332285 0.034305
0 0.089112 0.408428 0.075435 0.034305
0 0.448687 0.068666 0.237268 0.034305
1 0.286417 0.498102 0.424222 0.042882
1 0.772101 0.185414 0.328205 0.042882
1 0.160949 0.198040 0.250222 0.042882
1 0.477735 0.230502 0.011060 0.025898
2 0.852724 0.574425 0.011060 0.025898
2 0.151682 0.268269 0.011060 0.025898
3 0.087582 0.899542 0.010520 0.025660
3 0.557899 0.411066 0.010520 0.025660
