0 0.292392 0.780432 0.254946 0.029369
0 0.565073 0.398534 0.417393 0.029369
0 0.660803 0.640715 0.076672 0.029369
0 0.667973 0.166297 0.215240 0.029369
0 0.796655 0.742969 0.306780 0.029369
1 0.618871 0.951657 0.264989 0.036711
1 0.088340 0.094233 0.025929 0.036711
1 0.339741 0.528283 0.067989 0.036711
1 0.815548 0.457671 0.011681 0.022171
2 0.681271 0.320459 0.011681 0.022171
2 0.799942 0.141170 0.011681 0.022171
3 0.694784 0.235661 0.011111 0.021968
3 0.800138 0.698386 0.011111 0.021968
