0 0.153697 0.753690 0.174253 0.025510
0 0.688933 0.685766 0.170904 0.025510
0 0.956339 0.176638 0.011864 0.025510
0 0.287737 0.857239 0.213237 0.025510
0 0.265808 0.376428 0.381672 0.025510
1 0.189839 0.337312 0.057986 0.031888
1 0.648860 0.603706 0.275218 0.031888
1 0.789318 0.077897 0.051267 0.031888
1 0.064016 0.632874 0.010927 0.019258
2 0.943669 0.892985 0.010927 0.019258
2 0.591859 0.728687 0.010927 0.019258
3 0.390607 0.077941 0.010394 0.019082
3 0.427710 0.123987 0.010394 0.019082
