0 0.619819 0.288542 0.699554 0.023041
0 0.500915 0.754028 0.449267 0.023041
0 0.186359 0.857609 0.158329 0.023041
0 0.477345 0.044687 0.397576 0.023041
0 0.872023 0.209960 0.010622 0.023041
1 0.626415 0.446059 0.593493 0.028802
1 0.136939 0.736759 0.042834 0.028802
1 0.357964 0.134555 0.594340 0.028802
1 0.619318 0.643635 0.017661 0.017394
2 0.840017 0.162885 0.017661 0.017394
2 0.059216 0.507015 0.017661 0.017394
3 0.931205 0.249878 0.016799 0.017235
3 0.518922 0.176566 0.016799 0.017235
