0 0.544932 0.220109 0.219948 0.049628
0 0.642741 0.954038 0.698523 0.049628
0 0.351562 0.852293 0.517858 0.049628
0 0.672641 0.488177 0.203284 0.049628
0 0.403531 0.041402 0.392619 0.049628
1 0.539760 0.140444 0.749066 0.062035
1 0.571009 0.771197 0.605655 0.062035
1 0.537867 0.572322 0.638083 0.062035
1 0.520063 0.398893 0.018970 0.037465
2 0.973927 0.145416 0.018970 0.037465
2 0.868193 0.362319 0.018970 0.037465
3 0.081889 0.777125 0.018044 0.037122
3 0.429566 0.670808 0.018044 0.037122
