0 0.453120 0.100476 0.332635 0.020855
0 0.578893 0.948292 0.121242 0.020855
0 0.384508 0.402985 0.507223 0.020855
0 0.476631 0.433994 0.498069 0.020855
0 0.521007 0.030365 0.534042 0.020855
1 0.823103 0.246587 0.330362 0.026069
1 0.702025 0.373126 0.433486 0.026069
1 0.368622 0.518011 0.470834 0.026069
1 0.380085 0.327194 0.017370 0.015744
2 0.098281 0.366199 0.017370 0.015744
2 0.734260 0.690062 0.017370 0.015744
3 0.388973 0.601581 0.016522 0.015600
3 0.722867 0.133761 0.016522 0.015600
