0 0.543057 0.505827 0.021082 0.033003
0 0.182367 0.977879 0.082581 0.033003
0 0.670188 0.905364 0.212504 0.033003
0 0.791307 0.205565 0.350523 0.033003
0 0.333570 0.038553 0.225056 0.033003
1 0.298876 0.495947 0.119340 0.041254
1 0.769349 0.505546 0.143479 0.041254
1 0.875801 0.714937 0.201615 0.041254
1 0.357886 0.600966 0.010099 0.024915
2 0.711407 0.134954 0.010099 0.024915
2 0.028794 0.571143 0.010099 0.024915
3 0.055066 0.751027 0.009606 0.024686
3 0.544740 0.838183 0.009606 0.024686
