0 0.386183 0.961634 0.423646 0.038536
0 0.556129 0.632559 0.696708 0.038536
0 0.569455 0.206740 0.697975 0.038536
0 0.637253 0.830896 0.659861 0.038536
0 0.620541 0.034032 0.568204 0.038536
1 0.660491 0.431198 0.454059 0.048170
1 0.497482 0.362346 0.557725 0.048170
1 0.830395 0.111352 0.134299 0.048170
1 0.864039 0.328140 0.018898 0.029091
2 0.888777 0.588495 0.018898 0.029091
2 0.959205 0.755043 0.018898 0.029091
3 0.673745 0.875758 0.017975 0.028825
3 0.011737 0.028422 0.017975 0.028825
