0 0.572230 0.918710 0.324374 0.034130
0 0.260144 0.967411 0.221309 0.034130
0 0.286487 0.376308 0.348178 0.034130
0 0.222634 0.067945 0.231755 0.034130
0 0.816537 0.162374 0.237099 0.034130
1 0.503080 0.432238 0.236928 0.042662
1 0.437536 0.230978 0.117847 0.042662
1 0.316667 0.152819 0.409647 0.042662
1 0.347129 0.771346 0.011395 0.025765
2 0.103076 0.632701 0.011395 0.025765
2 0.019623 0.118645 0.011395 0.025765
3 0.608594 0.616505 0.010839 0.025529
3 0.913401 0.360246 0.010839 0.025529
