0 0.444388 0.138801 0.518362 0.025575
0 0.408337 0.649040 0.036536 0.025575
0 0.513481 0.923822 0.510071 0.025575
0 0.280648 0.325312 0.296772 0.025575
0 0.382246 0.274631 0.568715 0.025575
1 0.442812 0.362512 0.427276 0.031969
1 0.454025 0.581930 0.509349 0.031969
1 0.684262 0.701181 0.502829 0.031969
1 0.914411 0.367187 0.014527 0.019307
2 0.212276 0.019694 0.014527 0.019307
2 0.337492 0.392844 0.014527 0.019307
3 0.421180 0.540504 0.013818 0.019130
3 0.212323 0.768949 0.013818 0.019130
