0 0.212450 0.822267 0.197804 0.051020
0 0.294846 0.381141 0.455303 0.051020
0 0.233928 0.229211 0.390673 0.051020
0 0.328050 0.630385 0.400521 0.051020
0 0.860172 0.826110 0.264593 0.051020
1 0.113302 0.745366 0.135108 0.063776
1 0.622594 0.124884 0.320096 0.063776
1 0.700148 0.634194 0.177916 0.063776
1 0.990541 0.571104 0.011925 0.038516
2 0.726252 0.282539 0.011925 0.038516
2 0.007008 0.791115 0.011925 0.038516
3 0.943510 0.458420 0.011343 0.038163
3 0.295076 0.706981 0.011343 0.038163
