0 0.934423 0.737003 0.121540 0.021529
0 0.374153 0.486061 0.228152 0.021529
0 0.673144 0.130132 0.371237 0.021529
0 0.588772 0.694508 0.309250 0.021529
0 0.239123 0.041125 0.374451 0.021529
1 0.195645 0.083186 0.258402 0.026911
1 0.213240 0.652959 0.090574 0.026911
1 0.223574 0.837761 0.054307 0.026911
1 0.618676 0.638346 0.013607 0.016252
2 0.926790 0.244594 0.013607 0.016252
2 0.648638 0.627758 0.013607 0.016252
3 0.516402 0.475407 0.012943 0.016103
3 0.661410 0.541103 0.012943 0.016103
