0 0.782134 0.315922 0.417986 0.018182
0 0.665474 0.878205 0.180210 0.018182
0 0.575835 0.459713 0.024190 0.018182
0 0.387547 0.178191 0.293923 0.018182
0 0.698274 0.517046 0.500516 0.018182
1 0.264617 0.126958 0.515473 0.022727
1 0.473952 0.606512 0.665736 0.022727
1 0.806803 0.647121 0.160282 0.022727
1 0.472747 0.073454 0.018309 0.013726
2 0.374951 0.047168 0.018309 0.013726
2 0.678680 0.436553 0.018309 0.013726
3 0.289030 0.387978 0.017415 0.013600
3 0.330419 0.204914 0.017415 0.013600
