0 0.202701 0.807164 0.304858 0.044150
0 0.458385 0.156523 0.282707 0.044150
0 0.672941 0.883766 0.154736 0.044150
0 0.610433 0.026338 0.256217 0.044150
0 0.507773 0.604128 0.332560 0.044150
1 0.669433 0.750341 0.318454 0.055188
1 0.399085 0.515809 0.451962 0.055188
1 0.625188 0.214533 0.453469 0.055188
1 0.630694 0.676118 0.012292 0.033330
2 0.632750 0.977527 0.012292 0.033330
2 0.906481 0.671853 0.012292 0.033330
3 0.007748 0.356967 0.011692 0.033024
3 0.352183 0.303079 0.011692 0.033024
