0 0.403932 0.338028 0.508529 0.017746
0 0.553960 0.512919 0.719076 0.017746
0 0.590925 0.249321 0.715720 0.017746
0 0.643932 0.666597 0.307636 0.017746
0 0.685770 0.184353 0.556143 0.017746
1 0.193430 0.602830 0.181644 0.022183
1 0.832304 0.596585 0.238528 0.022183
1 0.811033 0.217779 0.295403 0.022183
1 0.188947 0.919575 0.018581 0.013397
2 0.918316 0.766433 0.018581 0.013397
2 0.176877 0.390263 0.018581 0.013397
3 0.983467 0.224515 0.017674 0.013274
3 0.298256 0.862307 0.017674 0.013274
