0 0.661340 0.826707 0.122962 0.023585
0 0.394386 0.542943 0.290655 0.023585
0 0.767732 0.304506 0.206855 0.023585
0 0.456030 0.770571 0.417538 0.023585
0 0.775945 0.394795 0.312727 0.023585
1 0.518687 0.724950 0.263354 0.029481
1 0.328565 0.335741 0.330405 0.029481
1 0.858909 0.034742 0.185058 0.029481
1 0.875790 0.961530 0.011018 0.017805
2 0.290752 0.303245 0.011018 0.017805
2 0.793269 0.965524 0.011018 0.017805
3 0.657510 0.183327 0.010480 0.017642
3 0.720208 0.801017 0.010480 0.017642
