0 0.797687 0.762874 0.319464 0.031898
0 0.549686 0.529052 0.420738 0.031898
0 0.407769 0.409001 0.128569 0.031898
0 0.836378 0.127088 0.280606 0.031898
0 0.459761 0.891430 0.467618 0.031898
1 0.644404 0.385030 0.092922 0.039872
1 0.427585 0.082240 0.186209 0.039872
1 0.415120 0.961041 0.463039 0.039872
1 0.371013 0.491339 0.012225 0.024080
2 0.551133 0.841049 0.012225 0.024080
2 0.648908 0.291843 0.012225 0.024080
3 0.253915 0.792697 0.011628 0.023860
3 0.819381 0.485006 0.011628 0.023860
