0 0.193024 0.503843 0.105522 0.017921
0 0.348387 0.806057 0.140988 0.017921
0 0.856614 0.205874 0.278797 0.017921
0 0.579236 0.099746 0.336959 0.017921
0 0.839424 0.773642 0.318828 0.017921
1 0.146878 0.708565 0.042960 0.022401
1 0.270852 0.513986 0.024981 0.022401
1 0.051192 0.640386 0.035462 0.022401
1 0.212430 0.393756 0.011904 0.013529
2 0.834773 0.650912 0.011904 0.013529
2 0.475257 0.738682 0.011904 0.013529
3 0.504547 0.815710 0.011323 0.013405
3 0.260365 0.294423 0.011323 0.013405
