0 0.465502 0.623821 0.077408 0.024331
0 0.526985 0.386976 0.570526 0.024331
0 0.376444 0.444929 0.232604 0.024331
0 0.619227 0.281511 0.565650 0.024331
0 0.733979 0.206886 0.339209 0.024331
1 0.356233 0.718583 0.156732 0.030414
1 0.368298 0.492314 0.471797 0.030414
1 0.567481 0.165780 0.566350 0.030414
1 0.978402 0.312695 0.015630 0.018368
2 0.329287 0.609310 0.015630 0.018368
2 0.288784 0.849148 0.015630 0.018368
3 0.782365 0.062854 0.014867 0.018200
3 0.487578 0.019847 0.014867 0.018200
