0 0.220906 0.206015 0.165809 0.020597
0 0.477747 0.416198 0.444926 0.020597
0 0.127379 0.249677 0.060519 0.020597
0 0.797308 0.166397 0.074731 0.020597
0 0.577349 0.203386 0.144581 0.020597
1 0.768811 0.706567 0.351925 0.025747
1 0.689509 0.354419 0.421398 0.025747
1 0.841513 0.296822 0.178334 0.025747
1 0.323398 0.219807 0.012180 0.015549
2 0.370582 0.594994 0.012180 0.015549
2 0.016965 0.669101 0.012180 0.015549
3 0.231642 0.941019 0.011585 0.015407
3 0.955693 0.147388 0.011585 0.015407
