0 0.558950 0.075720 0.146916 0.017123
0 0.388488 0.098071 0.640464 0.017123
0 0.603161 0.603702 0.648198 0.017123
0 0.831295 0.383017 0.096461 0.017123
0 0.521281 0.569383 0.517453 0.017123
1 0.303329 0.769102 0.428530 0.021404
1 0.565860 0.041145 0.336563 0.021404
1 0.673672 0.911573 0.286778 0.021404
1 0.487233 0.457318 0.017102 0.012927
2 0.458551 0.164072 0.017102 0.012927
2 0.539450 0.388233 0.017102 0.012927
3 0.981880 0.774056 0.016267 0.012808
3 0.748853 0.803949 0.016267 0.012808
