0 0.267433 0.095233 0.202230 0.018957
0 0.470859 0.500695 0.508099 0.018957
0 0.207813 0.326910 0.185297 0.018957
0 0.519543 0.933128 0.757699 0.018957
0 0.652161 0.246871 0.312158 0.018957
1 0.808096 0.588489 0.296461 0.023697
1 0.276688 0.291290 0.345737 0.023697
1 0.271212 0.823439 0.332114 0.023697
1 0.965276 0.794089 0.019281 0.014311
2 0.513654 0.652551 0.019281 0.014311
2 0.270970 0.854164 0.019281 0.014311
3 0.861112 0.178890 0.018340 0.014180
3 0.986986 0.213202 0.018340 0.014180
