0 0.592269 0.825587 0.177917 0.029542
0 0.946171 0.458067 0.008269 0.029542
0 0.524440 0.375538 0.295989 0.029542
0 0.418607 0.659908 0.262463 0.029542
0 0.783766 0.800033 0.075421 0.029542
1 0.585432 0.230932 0.252885 0.036928
1 0.715977 0.356825 0.060779 0.036928
1 0.706823 0.044767 0.168089 0.036928
1 0.735271 0.860150 0.011260 0.022302
2 0.478368 0.924092 0.011260 0.022302
2 0.628318 0.317910 0.011260 0.022302
3 0.388813 0.480576 0.010710 0.022097
3 0.411707 0.414577 0.010710 0.022097
