0 0.325245 0.937676 0.411273 0.028329
0 0.296397 0.312737 0.347884 0.028329
0 0.496920 0.082626 0.542742 0.028329
0 0.489226 0.456788 0.095832 0.028329
0 0.508597 0.573958 0.175528 0.028329
1 0.600861 0.030719 0.414457 0.035411
1 0.699154 0.621317 0.312064 0.035411
1 0.105885 0.411359 0.192057 0.035411
1 0.469931 0.609342 0.014258 0.021386
2 0.929404 0.727854 0.014258 0.021386
2 0.310632 0.474565 0.014258 0.021386
3 0.925773 0.214626 0.013562 0.021190
3 0.730616 0.714796 0.013562 0.021190
