0 0.660782 0.204850 0.253305 0.031949
0 0.582741 0.539295 0.595361 0.031949
0 0.539519 0.059456 0.413384 0.031949
0 0.515130 0.979707 0.371071 0.031949
0 0.363785 0.195639 0.231282 0.031949
1 0.798930 0.078592 0.091751 0.039936
1 0.540168 0.460374 0.576767 0.039936
1 0.704346 0.884756 0.563416 0.039936
1 0.462041 0.633468 0.017677 0.024119
2 0.553703 0.418313 0.017677 0.024119
2 0.191475 0.246644 0.017677 0.024119
3 0.524446 0.775010 0.016814 0.023898
3 0.676689 0.666842 0.016814 0.023898
