0 0.377722 0.061408 0.349975 0.023529
0 0.422674 0.265524 0.362361 0.023529
0 0.672585 0.329013 0.089181 0.023529
0 0.252229 0.023324 0.352349 0.023529
0 0.766072 0.244096 0.013640 0.023529
1 0.376394 0.519730 0.077311 0.029412
1 0.251868 0.599457 0.472630 0.029412
1 0.158876 0.418681 0.160945 0.029412
1 0.980206 0.009678 0.012634 0.017763
2 0.126417 0.879948 0.012634 0.017763
2 0.165484 0.458740 0.012634 0.017763
3 0.330178 0.914049 0.012018 0.017600
3 0.784077 0.233534 0.012018 0.017600
