0 0.568877 0.816678 0.369120 0.048900
0 0.492509 0.748179 0.510724 0.048900
0 0.398505 0.095369 0.096673 0.048900
0 0.229475 0.132752 0.024779 0.048900
0 0.751059 0.962207 0.432173 0.048900
1 0.719391 0.596213 0.495130 0.061125
1 0.754818 0.115680 0.200279 0.061125
1 0.218712 0.959534 0.365204 0.061125
1 0.703137 0.666435 0.016632 0.036915
2 0.306455 0.372409 0.016632 0.036915
2 0.958024 0.516248 0.016632 0.036915
3 0.989981 0.785642 0.015820 0.036577
3 0.131830 0.640451 0.015820 0.036577
