0 0.484217 0.385859 0.264081 0.017937
0 0.778467 0.688723 0.357978 0.017937
0 0.613600 0.148202 0.441816 0.017937
0 0.670143 0.922441 0.198922 0.017937
0 0.372645 0.610445 0.135161 0.017937
1 0.412920 0.438993 0.366593 0.022422
1 0.241080 0.705442 0.040526 0.022422
1 0.625293 0.729360 0.515157 0.022422
1 0.824133 0.575590 0.013969 0.013541
2 0.466504 0.583048 0.013969 0.013541
2 0.330389 0.487809 0.013969 0.013541
3 0.770823 0.967476 0.013287 0.013417
3 0.964047 0.651728 0.013287 0.013417
