0 0.546582 0.355536 0.062938 0.017316
0 0.696886 0.689138 0.379757 0.017316
0 0.163495 0.786839 0.218403 0.017316
0 0.440391 0.874863 0.446150 0.017316
0 0.356000 0.310557 0.108226 0.017316
1 0.346701 0.929742 0.277115 0.021645
1 0.253989 0.101024 0.282458 0.021645
1 0.821057 0.168493 0.340488 0.021645
1 0.938603 0.339602 0.012618 0.013072
2 0.934877 0.208754 0.012618 0.013072
2 0.576923 0.541897 0.012618 0.013072
3 0.953461 0.617751 0.012003 0.012952
3 0.771505 0.073106 0.012003 0.012952
