0 0.684181 0.336611 0.322159 0.021786
0 0.741324 0.080652 0.174868 0.021786
0 0.372332 0.406967 0.259976 0.021786
0 0.172391 0.581770 0.025198 0.021786
0 0.897410 0.666994 0.170700 0.021786
1 0.690753 0.019952 0.248358 0.027233
1 0.691266 0.603066 0.093827 0.027233
1 0.878805 0.822193 0.072367 0.027233
1 0.879943 0.423473 0.239811 0.027233
2 0.345268 0.958677 0.012330 0.016447
2 0.745927 0.936627 0.012330 0.016447
3 0.388159 0.551232 0.011728 0.016296
3 0.589676 0.707057 0.011728 0.016296
