0 0.315641 0.040284 0.483790 0.044346
0 0.284181 0.115997 0.135745 0.044346
0 0.171449 0.595311 0.182681 0.044346
0 0.538964 0.935136 0.119760 0.044346
0 0.381391 0.321236 0.330225 0.044346
1 0.576126 0.445445 0.386510 0.055432
1 0.548846 0.636856 0.406409 0.055432
1 0.696706 0.132599 0.578921 0.055432
1 0.074378 0.390778 0.015891 0.033477
2 0.182168 0.215873 0.015891 0.033477
2 0.265264 0.180699 0.015891 0.033477
3 0.491846 0.551431 0.015115 0.033171
3 0.725481 0.825419 0.015115 0.033171
