0 0.276109 0.941172 0.511948 0.022173
0 0.471504 0.748945 0.240197 0.022173
0 0.350149 0.345959 0.425627 0.022173
0 0.801749 0.535213 0.154525 0.022173
0 0.760576 0.698887 0.341264 0.022173
1 0.690957 0.606533 0.244954 0.027716
1 0.127754 0.866660 0.036347 0.027716
1 0.275705 0.500656 0.549498 0.027716
1 0.078752 0.982922 0.013978 0.016739
2 0.681476 0.203624 0.013978 0.016739
2 0.192985 0.778022 0.013978 0.016739
3 0.154081 0.897241 0.013296 0.016585
3 0.496243 0.647159 0.013296 0.016585
