0 0.423628 0.559107 0.430679 0.020683
0 0.627708 0.234304 0.201903 0.020683
0 0.840397 0.667425 0.216360 0.020683
0 0.602946 0.499815 0.155552 0.020683
0 0.485617 0.415251 0.369112 0.020683
1 0.720997 0.540418 0.135021 0.025853
1 0.725137 0.704375 0.037734 0.025853
1 0.356000 0.168662 0.318484 0.025853
1 0.085710 0.528584 0.010981 0.015614
2 0.377048 0.810966 0.010981 0.015614
2 0.275779 0.511403 0.010981 0.015614
3 0.056112 0.685551 0.010445 0.015471
3 0.386386 0.937911 0.010445 0.015471
