0 0.430045 0.339681 0.494903 0.019782
0 0.625025 0.727966 0.039659 0.019782
0 0.411368 0.166994 0.230945 0.019782
0 0.479866 0.040548 0.563874 0.019782
0 0.882687 0.347681 0.100363 0.019782
1 0.546530 0.570539 0.531491 0.024728
1 0.627051 0.139048 0.319191 0.024728
1 0.683922 0.284834 0.121653 0.024728
1 0.660565 0.760755 0.015605 0.014934
2 0.155763 0.284289 0.015605 0.014934
2 0.389147 0.239019 0.015605 0.014934
3 0.697184 0.085825 0.014844 0.014797
3 0.455279 0.899773 0.014844 0.014797
