0 0.632207 0.639200 0.389232 0.035211
0 0.617391 0.576198 0.030485 0.035211
0 0.776799 0.403885 0.306700 0.035211
0 0.841679 0.348299 0.184011 0.035211
0 0.296152 0.271397 0.311195 0.035211
1 0.960022 0.508857 0.059263 0.044014
1 0.539262 0.049586 0.430484 0.044014
1 0.771104 0.161004 0.337937 0.044014
1 0.512342 0.093060 0.013056 0.026582
2 0.322097 0.685168 0.013056 0.026582
2 0.321349 0.902880 0.013056 0.026582
3 0.259917 0.386754 0.012418 0.026338
3 0.434168 0.868367 0.012418 0.026338
