0 0.292605 0.091983 0.024590 0.022002
0 0.291463 0.338557 0.160132 0.022002
0 0.414108 0.869250 0.062055 0.022002
0 0.609527 0.290994 0.112266 0.022002
0 0.367121 0.176974 0.376986 0.022002
1 0.754139 0.190488 0.243104 0.027503
1 0.470252 0.976566 0.370849 0.027503
1 0.814979 0.751477 0.037306 0.027503
1 0.849288 0.040206 0.010699 0.016610
2 0.095867 0.085882 0.010699 0.016610
2 0.739707 0.271072 0.010699 0.016610
3 0.807203 0.419279 0.010177 0.016458
3 0.656388 0.157943 0.010177 0.016458
