0 0.097284 0.494521 0.125990 0.053763
0 0.822200 0.104891 0.240945 0.053763
0 0.699281 0.282314 0.228872 0.053763
0 0.904554 0.407170 0.071386 0.053763
0 0.294560 0.891777 0.368814 0.053763
1 0.293664 0.288934 0.320301 0.067204
1 0.529493 0.678245 0.193246 0.067204
1 0.735406 0.407500 0.128924 0.067204
1 0.989882 0.948009 0.010307 0.040587
2 0.859934 0.484036 0.010307 0.040587
2 0.801683 0.714902 0.010307 0.040587
3 0.894469 0.789875 0.009804 0.040215
3 0.479951 0.603072 0.009804 0.040215
