0 0.418233 0.266465 0.654545 0.018332
0 0.505080 0.753884 0.252025 0.018332
0 0.540094 0.974239 0.685338 0.018332
0 0.551016 0.935969 0.109638 0.018332
0 0.481000 0.410276 0.709333 0.018332
1 0.555322 0.092801 0.140505 0.022915
1 0.357796 0.508339 0.563484 0.022915
1 0.724851 0.207571 0.253474 0.022915
1 0.683652 0.684510 0.019507 0.013839
2 0.095425 0.737503 0.019507 0.013839
2 0.639876 0.474035 0.019507 0.013839
3 0.543526 0.909846 0.018555 0.013712
3 0.912272 0.163925 0.018555 0.013712
