0 0.406590 0.232488 0.022311 0.018939
0 0.968550 0.390134 0.025717 0.018939
0 0.786510 0.422089 0.325123 0.018939
0 0.225746 0.472848 0.291714 0.018939
0 0.655898 0.334597 0.049969 0.018939
1 0.061111 0.216970 0.075804 0.023674
1 0.527286 0.669023 0.403877 0.023674
1 0.822249 0.901929 0.149549 0.023674
1 0.345715 0.244190 0.012202 0.014298
2 0.836003 0.077711 0.012202 0.014298
2 0.684376 0.461612 0.012202 0.014298
3 0.104314 0.930703 0.011607 0.014167
3 0.084193 0.751687 0.011607 0.014167
