0 0.392577 0.625264 0.261336 0.043290
0 0.421255 0.718725 0.471443 0.043290
0 0.766519 0.269152 0.255254 0.043290
0 0.755269 0.409134 0.457977 0.043290
0 0.528125 0.535495 0.399802 0.043290
1 0.328453 0.966719 0.204690 0.054113
1 0.503412 0.856657 0.075689 0.054113
1 0.291196 0.300289 0.138938 0.054113
1 0.045845 0.977042 0.012106 0.032680
2 0.437444 0.860806 0.012106 0.032680
2 0.164534 0.182674 0.012106 0.032680
3 0.419776 0.818779 0.011515 0.032381
3 0.506128 0.797694 0.011515 0.032381
