0 0.347802 0.647623 0.340527 0.017182
0 0.552674 0.756548 0.444592 0.017182
0 0.255990 0.102421 0.063036 0.017182
0 0.649308 0.800861 0.407626 0.017182
0 0.652327 0.151856 0.214003 0.017182
1 0.708855 0.982238 0.156612 0.021478
1 0.239253 0.941433 0.289698 0.021478
1 0.315996 0.027935 0.432972 0.021478
1 0.438497 0.714962 0.012764 0.012971
2 0.810553 0.152038 0.012764 0.012971
2 0.188427 0.992700 0.012764 0.012971
3 0.646238 0.522292 0.012141 0.012852
3 0.532849 0.603925 0.012141 0.012852
