0 0.729151 0.025762 0.354146 0.016681
0 0.457181 0.221534 0.446914 0.016681
0 0.805737 0.650549 0.386497 0.016681
0 0.417428 0.468111 0.327702 0.016681
0 0.410059 0.611671 0.124537 0.016681
1 0.482868 0.693481 0.353113 0.020851
1 0.776992 0.876925 0.322063 0.020851
1 0.118079 0.846734 0.166384 0.020851
1 0.332593 0.806394 0.012077 0.012592
2 0.600017 0.932119 0.012077 0.012592
2 0.235393 0.288209 0.012077 0.012592
3 0.799416 0.270097 0.011487 0.012477
3 0.017440 0.280196 0.011487 0.012477
