0 0.267264 0.892496 0.039505 0.045351
0 0.610025 0.086747 0.160080 0.045351
0 0.633170 0.677676 0.638905 0.045351
0 0.437978 0.515329 0.131885 0.045351
0 0.607470 0.176978 0.059087 0.045351
1 0.540800 0.242615 0.311523 0.056689
1 0.861733 0.886390 0.088925 0.056689
1 0.528054 0.320510 0.468367 0.056689
1 0.123618 0.826955 0.017073 0.034237
2 0.624554 0.514819 0.017073 0.034237
2 0.594569 0.843061 0.017073 0.034237
3 0.651282 0.733234 0.016239 0.033923
3 0.347892 0.251422 0.016239 0.033923
