0 0.689322 0.120671 0.263473 0.043384
0 0.396254 0.867965 0.657650 0.043384
0 0.658307 0.789113 0.574860 0.043384
0 0.538444 0.413738 0.341836 0.043384
0 0.132279 0.385182 0.093521 0.043384
1 0.233313 0.929200 0.106755 0.054230
1 0.532678 0.348456 0.251019 0.054230
1 0.378660 0.242004 0.729566 0.054230
1 0.950328 0.697299 0.019660 0.032751
2 0.136179 0.718892 0.019660 0.032751
2 0.245582 0.682330 0.019660 0.032751
3 0.026249 0.588978 0.018701 0.032451
3 0.343867 0.713548 0.018701 0.032451
