0 0.170903 0.185594 0.081261 0.019157
0 0.103873 0.472797 0.040620 0.019157
0 0.773567 0.751393 0.168465 0.019157
0 0.236981 0.643852 0.170835 0.019157
0 0.433106 0.356691 0.024804 0.019157
1 0.839205 0.447566 0.158138 0.023946
1 0.520380 0.118864 0.182871 0.023946
1 0.699880 0.902217 0.052967 0.023946
1 0.670581 0.797376 0.010093 0.014462
2 0.877725 0.942412 0.010093 0.014462
2 0.028175 0.920757 0.010093 0.014462
3 0.465914 0.740398 0.009601 0.014330
3 0.901889 0.202557 0.009601 0.014330
