0 0.320379 0.433384 0.180454 0.035211
0 0.394998 0.894751 0.696805 0.035211
0 0.464947 0.479722 0.656917 0.035211
0 0.621771 0.676891 0.501971 0.035211
0 0.506260 0.270623 0.529753 0.035211
1 0.642841 0.316710 0.644315 0.044014
1 0.197757 0.819154 0.192662 0.044014
1 0.685007 0.597765 0.433213 0.044014
1 0.245518 0.043497 0.017677 0.026582
2 0.830715 0.844514 0.017677 0.026582
2 0.067438 0.786544 0.017677 0.026582
3 0.305643 0.072609 0.016814 0.026338
3 0.275449 0.641778 0.016814 0.026338
