0 0.442318 0.720951 0.022557 0.016327
0 0.318072 0.264998 0.178243 0.016327
0 0.187850 0.799787 0.250715 0.016327
0 0.475854 0.871337 0.050790 0.016327
0 0.332311 0.350346 0.294639 0.016327
1 0.570565 0.040933 0.281206 0.020408
1 0.224971 0.926137 0.316742 0.020408
1 0.293302 0.902206 0.083673 0.020408
1 0.408684 0.511040 0.010780 0.012325
2 0.538820 0.514410 0.010780 0.012325
2 0.548255 0.423207 0.010780 0.012325
3 0.815910 0.399873 0.010254 0.012212
3 0.671131 0.889575 0.010254 0.012212
