0 0.630269 0.654351 0.301810 0.024301
0 0.547945 0.978338 0.187172 0.024301
0 0.647522 0.369682 0.401145 0.024301
0 0.766854 0.090052 0.214853 0.024301
0 0.235919 0.884911 0.427503 0.024301
1 0.265908 0.607259 0.125997 0.030377
1 0.186514 0.122549 0.367655 0.030377
1 0.717450 0.255013 0.416004 0.030377
1 0.447368 0.135097 0.011990 0.018345
2 0.253819 0.348872 0.011990 0.018345
2 0.932736 0.129515 0.011990 0.018345
3 0.795179 0.125275 0.011405 0.018177
3 0.242827 0.309503 0.011405 0.018177
