0 0.608105 0.383385 0.776809 0.036563
0 0.623254 0.681236 0.174713 0.036563
0 0.678021 0.978912 0.372853 0.036563
0 0.430181 0.098181 0.059575 0.036563
0 0.518415 0.163763 0.369843 0.036563
1 0.703169 0.520060 0.433817 0.045704
1 0.186400 0.331384 0.182088 0.045704
1 0.552987 0.590245 0.559735 0.045704
1 0.952941 0.046094 0.019856 0.027602
2 0.736269 0.267759 0.019856 0.027602
2 0.240512 0.458731 0.019856 0.027602
3 0.010873 0.135064 0.018887 0.027349
3 0.088460 0.467005 0.018887 0.027349
