0 0.540398 0.897342 0.258195 0.024390
0 0.941398 0.493163 0.028033 0.024390
0 0.696568 0.598362 0.073592 0.024390
0 0.565333 0.306692 0.065590 0.024390
0 0.638672 0.229632 0.206912 0.024390
1 0.059108 0.447413 0.041276 0.030488
1 0.563696 0.034533 0.151654 0.030488
1 0.515725 0.115228 0.490399 0.030488
1 0.007388 0.286782 0.012658 0.018413
2 0.843289 0.322078 0.012658 0.018413
2 0.398651 0.436460 0.012658 0.018413
3 0.806983 0.337076 0.012041 0.018244
3 0.365903 0.697402 0.012041 0.018244
