0 0.136063 0.320845 0.191664 0.030534
0 0.769271 0.040479 0.115257 0.030534
0 0.421393 0.244920 0.361910 0.030534
0 0.719134 0.765792 0.239694 0.030534
0 0.447222 0.973295 0.406466 0.030534
1 0.705527 0.679681 0.177438 0.038168
1 0.512822 0.836118 0.399487 0.038168
1 0.563592 0.622010 0.477080 0.038168
1 0.911792 0.168678 0.012099 0.023051
2 0.148658 0.698975 0.012099 0.023051
2 0.919990 0.322637 0.012099 0.023051
3 0.591309 0.366566 0.011508 0.022840
3 0.017862 0.868804 0.011508 0.022840
