0 0.315716 0.356450 0.242847 0.016502
0 0.620061 0.664855 0.278787 0.016502
0 0.203563 0.010408 0.028703 0.016502
0 0.278255 0.043756 0.440260 0.016502
0 0.794389 0.353700 0.391700 0.016502
1 0.680017 0.544177 0.215405 0.020627
1 0.868091 0.464776 0.041069 0.020627
1 0.713774 0.688773 0.043189 0.020627
1 0.163229 0.375365 0.011627 0.012457
2 0.323669 0.378633 0.011627 0.012457
2 0.933020 0.418172 0.011627 0.012457
3 0.070276 0.223131 0.011059 0.012343
3 0.162345 0.323456 0.011059 0.012343
