0 0.589315 0.122492 0.423065 0.019940
0 0.292858 0.427042 0.387747 0.019940
0 0.622862 0.067763 0.528694 0.019940
0 0.466890 0.371453 0.028066 0.019940
0 0.342126 0.282268 0.116095 0.019940
1 0.574935 0.793973 0.054517 0.024925
1 0.833136 0.338681 0.063712 0.024925
1 0.778946 0.288443 0.310215 0.024925
1 0.827003 0.191962 0.019622 0.015053
2 0.375025 0.653808 0.019622 0.015053
2 0.567443 0.162394 0.019622 0.015053
3 0.765975 0.030994 0.018664 0.014915
3 0.853037 0.093819 0.018664 0.014915
