0 0.569403 0.775155 0.388118 0.034014
0 0.480891 0.940521 0.380099 0.034014
0 0.432685 0.062757 0.042973 0.034014
0 0.475365 0.385689 0.025992 0.034014
0 0.222842 0.381472 0.062362 0.034014
1 0.305484 0.666252 0.117423 0.042517
1 0.354275 0.479268 0.216075 0.042517
1 0.790988 0.537345 0.034398 0.042517
1 0.989228 0.334661 0.010739 0.025677
2 0.906091 0.845196 0.010739 0.025677
2 0.840474 0.853451 0.010739 0.025677
3 0.109691 0.570383 0.010215 0.025442
3 0.686741 0.064640 0.010215 0.025442
