0 0.514977 0.389330 0.618233 0.022831
0 0.199480 0.455212 0.219947 0.022831
0 0.306347 0.712729 0.256360 0.022831
0 0.320413 0.113473 0.061737 0.022831
0 0.473108 0.105026 0.008625 0.022831
1 0.460016 0.164246 0.265952 0.028539
1 0.349039 0.244477 0.544039 0.028539
1 0.295854 0.078824 0.141027 0.028539
1 0.081522 0.656094 0.016174 0.017236
2 0.233621 0.570217 0.016174 0.017236
2 0.423152 0.685889 0.016174 0.017236
3 0.525307 0.573107 0.015385 0.017078
3 0.036686 0.462614 0.015385 0.017078
