0 0.395523 0.220020 0.065851 0.020408
0 0.509877 0.033817 0.357766 0.020408
0 0.452841 0.339368 0.594053 0.020408
0 0.425623 0.369073 0.638802 0.020408
0 0.843225 0.727384 0.111639 0.020408
1 0.330921 0.612673 0.579138 0.025510
1 0.823495 0.348019 0.091224 0.025510
1 0.400137 0.932686 0.509864 0.025510
1 0.860862 0.177485 0.016577 0.015406
2 0.577136 0.139370 0.016577 0.015406
2 0.768873 0.625665 0.016577 0.015406
3 0.130543 0.970639 0.015768 0.015265
3 0.304346 0.789664 0.015768 0.015265
