0 0.678174 0.817782 0.585433 0.023697
0 0.400580 0.901664 0.590918 0.023697
0 0.336154 0.133362 0.518372 0.023697
0 0.507590 0.193672 0.196473 0.023697
0 0.267740 0.423111 0.044455 0.023697
1 0.209345 0.371435 0.212603 0.029621
1 0.434575 0.853091 0.467870 0.029621
1 0.566459 0.281995 0.487769 0.029621
1 0.835937 0.182288 0.248138 0.029621
2 0.018894 0.862894 0.015569 0.017889
2 0.880321 0.276181 0.015569 0.017889
3 0.861680 0.246955 0.014809 0.017725
3 0.971538 0.095081 0.014809 0.017725
