0 0.425490 0.806932 0.304690 0.023392
0 0.782339 0.132806 0.391519 0.023392
0 0.381740 0.315080 0.375815 0.023392
0 0.197600 0.699969 0.122023 0.023392
0 0.789353 0.072461 0.281507 0.023392
1 0.386405 0.380840 0.222100 0.029240
1 0.253144 0.417376 0.407674 0.029240
1 0.287076 0.087293 0.172354 0.029240
1 0.958076 0.980558 0.013561 0.017659
2 0.809591 0.872230 0.013561 0.017659
2 0.852046 0.455727 0.013561 0.017659
3 0.341234 0.661995 0.012899 0.017497
3 0.195013 0.595825 0.012899 0.017497
