0 0.508103 0.590226 0.041121 0.018832
0 0.326315 0.952030 0.228306 0.018832
0 0.446012 0.035243 0.108345 0.018832
0 0.785489 0.708462 0.324747 0.018832
0 0.182610 0.275912 0.062275 0.018832
1 0.599221 0.228762 0.174215 0.023540
1 0.276044 0.103773 0.097190 0.023540
1 0.773623 0.839855 0.051346 0.023540
1 0.652223 0.397322 0.013005 0.014217
2 0.048901 0.962404 0.013005 0.014217
2 0.320021 0.605662 0.013005 0.014217
3 0.550597 0.704223 0.012370 0.014087
3 0.241254 0.276746 0.012370 0.014087
