0 0.331043 0.430456 0.334593 0.016300
0 0.306078 0.008175 0.101494 0.016300
0 0.810102 0.443690 0.099668 0.016300
0 0.735124 0.168690 0.259314 0.016300
0 0.366365 0.687744 0.081765 0.016300
1 0.698051 0.709871 0.293072 0.020375
1 0.325662 0.218961 0.371482 0.020375
1 0.619910 0.371572 0.112398 0.020375
1 0.980418 0.895512 0.010659 0.012305
2 0.720808 0.330982 0.010659 0.012305
2 0.041571 0.187815 0.010659 0.012305
3 0.690499 0.296106 0.010139 0.012192
3 0.617982 0.468902 0.010139 0.012192
