0 0.419745 0.107058 0.294157 0.020141
0 0.802057 0.111433 0.197462 0.020141
0 0.493805 0.078268 0.027572 0.020141
0 0.587275 0.404477 0.426899 0.020141
0 0.316443 0.234673 0.553277 0.020141
1 0.385622 0.660180 0.548600 0.025176
1 0.479399 0.012726 0.545660 0.025176
1 0.463809 0.273747 0.696006 0.025176
1 0.862356 0.244410 0.017995 0.015205
2 0.065417 0.959817 0.017995 0.015205
2 0.418782 0.437814 0.017995 0.015205
3 0.053820 0.109831 0.017117 0.015065
3 0.912629 0.420369 0.017117 0.015065
