0 0.429827 0.745291 0.094095 0.020597
0 0.321279 0.870507 0.533872 0.020597
0 0.781934 0.409762 0.232100 0.020597
0 0.592784 0.521589 0.343410 0.020597
0 0.243393 0.566001 0.102931 0.020597
1 0.138948 0.145356 0.138583 0.025747
1 0.287419 0.389732 0.538190 0.025747
1 0.403748 0.157744 0.155768 0.025747
1 0.676207 0.699655 0.605898 0.025747
2 0.743784 0.762462 0.019895 0.015549
2 0.886218 0.907154 0.019895 0.015549
3 0.648208 0.635298 0.018924 0.015407
3 0.729820 0.128187 0.018924 0.015407
