0 0.109014 0.626889 0.105376 0.016570
0 0.560410 0.326021 0.608852 0.016570
0 0.637556 0.142107 0.601852 0.016570
0 0.777184 0.036640 0.197245 0.016570
0 0.889269 0.979189 0.159719 0.016570
1 0.349974 0.618142 0.254890 0.020713
1 0.382024 0.068950 0.197305 0.020713
1 0.234445 0.883580 0.112651 0.020713
1 0.638752 0.967451 0.016031 0.012509
2 0.922689 0.790178 0.016031 0.012509
2 0.035043 0.214730 0.016031 0.012509
3 0.427346 0.457968 0.015249 0.012394
3 0.495034 0.691807 0.015249 0.012394
