0 0.579516 0.198568 0.570611 0.030395
0 0.896664 0.125194 0.154270 0.030395
0 0.532452 0.727363 0.060978 0.030395
0 0.533445 0.346170 0.433334 0.030395
0 0.063329 0.719777 0.034795 0.030395
1 0.489242 0.269322 0.589405 0.037994
1 0.768857 0.570642 0.391732 0.037994
1 0.728776 0.715858 0.111227 0.037994
1 0.872490 0.233097 0.015179 0.022946
2 0.058277 0.485380 0.015179 0.022946
2 0.665067 0.808530 0.015179 0.022946
3 0.978049 0.337768 0.014438 0.022736
3 0.984231 0.716467 0.014438 0.022736
