0 0.777219 0.830641 0.029808 0.050891
0 0.298354 0.575634 0.333064 0.050891
0 0.383933 0.687393 0.130870 0.050891
0 0.707851 0.228382 0.045887 0.050891
0 0.442084 0.351582 0.210109 0.050891
1 0.344961 0.943993 0.028255 0.063613
1 0.208383 0.429596 0.215591 0.063613
1 0.520996 0.791529 0.056701 0.063613
1 0.145979 0.828854 0.011580 0.038418
2 0.245388 0.022530 0.011580 0.038418
2 0.604069 0.860186 0.011580 0.038418
3 0.043042 0.322007 0.011014 0.038066
3 0.809702 0.510387 0.011014 0.038066
