0 0.243930 0.348989 0.446656 0.016287
0 0.652235 0.785463 0.213544 0.016287
0 0.939450 0.628708 0.090733 0.016287
0 0.203754 0.442339 0.016218 0.016287
0 0.792619 0.567396 0.039368 0.016287
1 0.514559 0.852284 0.341825 0.020358
1 0.219667 0.184469 0.303245 0.020358
1 0.322187 0.876716 0.418633 0.020358
1 0.238091 0.719255 0.011197 0.012295
2 0.835863 0.345217 0.011197 0.012295
2 0.283573 0.303516 0.011197 0.012295
3 0.517966 0.032318 0.010650 0.012182
3 0.508792 0.015983 0.010650 0.012182
