0 0.439205 0.377616 0.129218 0.044444
0 0.651600 0.058661 0.074124 0.044444
0 0.376734 0.505473 0.568147 0.044444
0 0.671186 0.145340 0.649817 0.044444
0 0.553999 0.621149 0.609721 0.044444
1 0.798234 0.468596 0.229558 0.055556
1 0.469730 0.770806 0.635654 0.055556
1 0.713848 0.257213 0.237048 0.055556
1 0.059621 0.810739 0.016495 0.033552
2 0.950775 0.720328 0.016495 0.033552
2 0.814083 0.717554 0.016495 0.033552
3 0.299128 0.207397 0.015690 0.033244
3 0.305639 0.033988 0.015690 0.033244
