0 0.457153 0.182317 0.179878 0.020141
0 0.557742 0.816969 0.456248 0.020141
0 0.633207 0.411931 0.698610 0.020141
0 0.866094 0.364128 0.019486 0.020141
0 0.452490 0.581260 0.284807 0.020141
1 0.258619 0.462106 0.487384 0.025176
1 0.481567 0.780286 0.393876 0.025176
1 0.496258 0.877514 0.697302 0.025176
1 0.346115 0.935132 0.019975 0.015205
2 0.271177 0.237358 0.019975 0.015205
2 0.019577 0.588562 0.019975 0.015205
3 0.086358 0.495459 0.019000 0.015065
3 0.714220 0.555189 0.019000 0.015065
