0 0.201977 0.811548 0.054318 0.029240
0 0.604020 0.604767 0.609299 0.029240
0 0.778440 0.295935 0.294584 0.029240
0 0.816670 0.022575 0.185637 0.029240
0 0.457052 0.210697 0.093576 0.029240
1 0.249803 0.760329 0.469949 0.036550
1 0.597432 0.530383 0.324524 0.036550
1 0.455214 0.131463 0.484956 0.036550
1 0.841527 0.384392 0.015704 0.022074
2 0.030371 0.378047 0.015704 0.022074
2 0.172947 0.314784 0.015704 0.022074
3 0.577221 0.840869 0.014937 0.021871
3 0.553290 0.792301 0.014937 0.021871
