0 0.555341 0.842496 0.220366 0.019704
0 0.695672 0.956656 0.009276 0.019704
0 0.474425 0.413167 0.148082 0.019704
0 0.916058 0.953986 0.124911 0.019704
0 0.420781 0.981831 0.362487 0.019704
1 0.517549 0.162768 0.320259 0.024631
1 0.242026 0.485678 0.218521 0.024631
1 0.296195 0.830039 0.168590 0.024631
1 0.027361 0.450225 0.010682 0.014875
2 0.894597 0.701443 0.010682 0.014875
2 0.788683 0.461839 0.010682 0.014875
3 0.269428 0.245780 0.010160 0.014739
3 0.644888 0.738751 0.010160 0.014739
