0 0.683382 0.393768 0.081146 0.017590
0 0.122709 0.869855 0.151119 0.017590
0 0.617067 0.677581 0.211419 0.017590
0 0.591428 0.119250 0.224878 0.017590
0 0.635696 0.600892 0.115836 0.017590
1 0.593168 0.367837 0.218033 0.021988
1 0.443686 0.876390 0.321570 0.021988
1 0.807129 0.932799 0.019153 0.021988
1 0.781930 0.742748 0.012539 0.013279
2 0.725970 0.579012 0.012539 0.013279
2 0.800959 0.974550 0.012539 0.013279
3 0.270654 0.056207 0.011927 0.013157
3 0.743903 0.019691 0.011927 0.013157
