0 0.551400 0.939982 0.576548 0.027624
0 0.427100 0.384365 0.391788 0.027624
0 0.670845 0.021676 0.262318 0.027624
0 0.701049 0.884593 0.463692 0.027624
0 0.372267 0.431427 0.455271 0.027624
1 0.634189 0.158919 0.021689 0.034530
1 0.606082 0.641338 0.379943 0.034530
1 0.696481 0.560114 0.537432 0.034530
1 0.523188 0.521197 0.015019 0.020854
2 0.852144 0.769613 0.015019 0.020854
2 0.362065 0.176646 0.015019 0.020854
3 0.221382 0.748642 0.014286 0.020663
3 0.380708 0.730555 0.014286 0.020663
