0 0.494372 0.087137 0.170480 0.017271
0 0.410527 0.289692 0.327314 0.017271
0 0.619780 0.960839 0.058544 0.017271
0 0.824921 0.085577 0.128646 0.017271
0 0.751383 0.059762 0.149480 0.017271
1 0.360531 0.536301 0.020712 0.021589
1 0.420413 0.015683 0.235578 0.021589
1 0.295998 0.253255 0.422808 0.021589
1 0.526764 0.795188 0.011813 0.013038
2 0.733654 0.528434 0.011813 0.013038
2 0.057626 0.167513 0.011813 0.013038
3 0.543793 0.920104 0.011236 0.012919
3 0.689231 0.949534 0.011236 0.012919
