0 0.832356 0.280655 0.088401 0.052910
0 0.599790 0.647377 0.683022 0.052910
0 0.580664 0.861087 0.608440 0.052910
0 0.655713 0.960848 0.539167 0.052910
0 0.611513 0.441726 0.705733 0.052910
1 0.430676 0.060009 0.531510 0.066138
1 0.431139 0.247748 0.103651 0.066138
1 0.715185 0.561091 0.159053 0.066138
1 0.454913 0.786755 0.017947 0.039943
2 0.878771 0.111696 0.017947 0.039943
2 0.442632 0.359985 0.017947 0.039943
3 0.980717 0.294411 0.017071 0.039577
3 0.509622 0.354356 0.017071 0.039577
