0 0.169823 0.761668 0.019134 0.023068
0 0.360006 0.290032 0.531652 0.023068
0 0.655424 0.884535 0.453833 0.023068
0 0.213070 0.610552 0.038293 0.023068
0 0.338187 0.537768 0.276190 0.023068
1 0.293600 0.669397 0.422363 0.028835
1 0.501327 0.633684 0.449410 0.028835
1 0.373089 0.487598 0.556006 0.028835
1 0.881873 0.180505 0.014298 0.017414
2 0.474455 0.121997 0.014298 0.017414
2 0.159629 0.914121 0.014298 0.017414
3 0.474839 0.380929 0.013601 0.017255
3 0.735902 0.547859 0.013601 0.017255
