0 0.254512 0.281875 0.338800 0.026810
0 0.492549 0.109620 0.107896 0.026810
0 0.732246 0.911074 0.391341 0.026810
0 0.816650 0.828596 0.172037 0.026810
0 0.524077 0.878129 0.460111 0.026810
1 0.277232 0.431658 0.372514 0.033512
1 0.165534 0.875377 0.190940 0.033512
1 0.196205 0.976002 0.278042 0.033512
1 0.562254 0.300275 0.012217 0.020239
2 0.030562 0.505728 0.012217 0.020239
2 0.916226 0.748115 0.012217 0.020239
3 0.020691 0.735009 0.011621 0.020054
3 0.976232 0.309298 0.011621 0.020054
