0 0.391417 0.049208 0.119268 0.035149
0 0.411089 0.178710 0.148329 0.035149
0 0.505322 0.609075 0.177466 0.035149
0 0.609762 0.756654 0.357097 0.035149
0 0.789379 0.622127 0.253788 0.035149
1 0.453186 0.301508 0.551971 0.043937
1 0.078513 0.565152 0.081521 0.043937
1 0.607868 0.095540 0.052693 0.043937
1 0.554465 0.205839 0.014559 0.026535
2 0.042202 0.763099 0.014559 0.026535
2 0.742332 0.873215 0.014559 0.026535
3 0.714016 0.957891 0.013848 0.026292
3 0.126116 0.642881 0.013848 0.026292
