0 0.706186 0.303328 0.092926 0.017109
0 0.256687 0.550816 0.033803 0.017109
0 0.663178 0.737962 0.350710 0.017109
0 0.726951 0.264149 0.394423 0.017109
0 0.303723 0.890374 0.538591 0.017109
1 0.436651 0.683853 0.283128 0.021386
1 0.339075 0.487423 0.576206 0.021386
1 0.807607 0.817729 0.290370 0.021386
1 0.814774 0.009563 0.015190 0.012916
2 0.287909 0.337898 0.015190 0.012916
2 0.571620 0.168902 0.015190 0.012916
3 0.570928 0.912982 0.014449 0.012797
3 0.862785 0.058523 0.014449 0.012797
