0 0.734917 0.478321 0.047163 0.028490
0 0.339089 0.654693 0.286325 0.028490
0 0.193704 0.578794 0.295532 0.028490
0 0.692446 0.025792 0.269601 0.028490
0 0.642293 0.861088 0.106707 0.028490
1 0.657289 0.385851 0.256199 0.035613
1 0.728249 0.584597 0.111493 0.035613
1 0.152184 0.085604 0.016085 0.035613
1 0.035211 0.057970 0.010223 0.021508
2 0.892909 0.073762 0.010223 0.021508
2 0.181620 0.099907 0.010223 0.021508
3 0.451098 0.548291 0.009724 0.021311
3 0.979925 0.842733 0.009724 0.021311
