0 0.475200 0.710518 0.026972 0.026247
0 0.681168 0.065486 0.240562 0.026247
0 0.471310 0.650443 0.427560 0.026247
0 0.726145 0.278096 0.031117 0.026247
0 0.199287 0.189038 0.074297 0.026247
1 0.861432 0.839808 0.122609 0.032808
1 0.668099 0.319731 0.538657 0.032808
1 0.549476 0.192699 0.304052 0.032808
1 0.063518 0.557745 0.015144 0.019814
2 0.158497 0.862881 0.015144 0.019814
2 0.536532 0.792021 0.015144 0.019814
3 0.308587 0.066599 0.014405 0.019633
3 0.378828 0.456759 0.014405 0.019633
