0 0.248878 0.716247 0.452020 0.029586
0 0.644553 0.675208 0.365722 0.029586
0 0.347535 0.016409 0.450893 0.029586
0 0.699980 0.425243 0.219133 0.029586
0 0.565246 0.556941 0.374900 0.029586
1 0.520422 0.284013 0.353314 0.036982
1 0.618068 0.512976 0.055673 0.036982
1 0.213660 0.351801 0.204000 0.036982
1 0.908473 0.032658 0.012285 0.022335
2 0.431188 0.164033 0.012285 0.022335
2 0.790291 0.547967 0.012285 0.022335
3 0.654329 0.141167 0.011685 0.022130
3 0.683563 0.595464 0.011685 0.022130
