0 0.103196 0.854288 0.018950 0.034364
0 0.446891 0.673717 0.128339 0.034364
0 0.307045 0.887181 0.258495 0.034364
0 0.653319 0.190615 0.030708 0.034364
0 0.570794 0.866817 0.206311 0.034364
1 0.909891 0.689273 0.148143 0.042955
1 0.441051 0.310254 0.365156 0.042955
1 0.396958 0.362171 0.192598 0.042955
1 0.982712 0.786578 0.012004 0.025942
2 0.861393 0.169790 0.012004 0.025942
2 0.863292 0.508278 0.012004 0.025942
3 0.991573 0.024818 0.011418 0.025704
3 0.658840 0.291578 0.011418 0.025704
