0 0.293131 0.403866 0.430228 0.052770
0 0.500221 0.556127 0.046876 0.052770
0 0.637292 0.286706 0.161665 0.052770
0 0.298083 0.150416 0.440154 0.052770
0 0.405064 0.903505 0.401746 0.052770
1 0.380071 0.292896 0.253673 0.065963
1 0.820835 0.855549 0.192466 0.065963
1 0.175659 0.678052 0.054737 0.065963
1 0.990936 0.839790 0.011434 0.039837
2 0.913183 0.535646 0.011434 0.039837
2 0.887252 0.678489 0.011434 0.039837
3 0.968017 0.660792 0.010876 0.039472
3 0.869437 0.632921 0.010876 0.039472
