0 0.444853 0.463973 0.071578 0.016313
0 0.324020 0.874855 0.294151 0.016313
0 0.788713 0.411999 0.137924 0.016313
0 0.474564 0.396784 0.249286 0.016313
0 0.206169 0.581691 0.174600 0.016313
1 0.235009 0.280317 0.101368 0.020392
1 0.602720 0.732258 0.435053 0.020392
1 0.167426 0.498711 0.327522 0.020392
1 0.542775 0.521114 0.011925 0.012315
2 0.920166 0.179124 0.011925 0.012315
2 0.748525 0.265134 0.011925 0.012315
3 0.333293 0.745611 0.011343 0.012202
3 0.092340 0.136592 0.011343 0.012202
