0 0.460180 0.966469 0.077826 0.031646
0 0.466262 0.258265 0.734829 0.031646
0 0.327212 0.608861 0.454550 0.031646
0 0.569049 0.138246 0.797523 0.031646
0 0.291232 0.794698 0.457299 0.031646
1 0.083664 0.949493 0.156774 0.039557
1 0.360904 0.402793 0.579789 0.039557
1 0.648478 0.357803 0.284021 0.039557
1 0.447758 0.867808 0.019935 0.023890
2 0.171662 0.178765 0.019935 0.023890
2 0.637459 0.731470 0.019935 0.023890
3 0.783018 0.576176 0.018962 0.023671
3 0.782029 0.172211 0.018962 0.023671
