0 0.729426 0.854046 0.391106 0.043764
0 0.745890 0.711298 0.006604 0.043764
0 0.818868 0.392234 0.249290 0.043764
0 0.588944 0.036975 0.212545 0.043764
0 0.372193 0.335595 0.269852 0.043764
1 0.178329 0.237755 0.204735 0.054705
1 0.262275 0.571554 0.239355 0.054705
1 0.767470 0.510671 0.171751 0.054705
1 0.982084 0.176388 0.011241 0.033038
2 0.068305 0.377618 0.011241 0.033038
2 0.848985 0.625963 0.011241 0.033038
3 0.056129 0.067388 0.010692 0.032735
3 0.401623 0.922212 0.010692 0.032735
