0 0.458896 0.747686 0.300291 0.017778
0 0.454406 0.103702 0.137899 0.017778
0 0.160430 0.456748 0.061434 0.017778
0 0.348710 0.891766 0.371782 0.017778
0 0.154727 0.435135 0.141190 0.017778
1 0.768049 0.696518 0.030705 0.022222
1 0.400127 0.532007 0.412303 0.022222
1 0.768305 0.864126 0.286522 0.022222
1 0.959584 0.260468 0.010296 0.013421
2 0.390292 0.795075 0.010296 0.013421
2 0.518679 0.432764 0.010296 0.013421
3 0.226563 0.726154 0.009794 0.013298
3 0.159010 0.118353 0.009794 0.013298
