0 0.073829 0.620800 0.045460 0.042463
0 0.780880 0.696022 0.170601 0.042463
0 0.706789 0.965053 0.357876 0.042463
0 0.332902 0.726938 0.063083 0.042463
0 0.159865 0.817209 0.100679 0.042463
1 0.495883 0.061752 0.136329 0.053079
1 0.768124 0.551631 0.200157 0.053079
1 0.251508 0.294377 0.196732 0.053079
1 0.771575 0.748593 0.010987 0.032056
2 0.587345 0.682158 0.010987 0.032056
2 0.148513 0.933993 0.010987 0.032056
3 0.160495 0.558137 0.010451 0.031762
3 0.989808 0.400215 0.010451 0.031762
