0 0.352618 0.293064 0.428494 0.052219
0 0.303907 0.145746 0.221106 0.052219
0 0.476464 0.777684 0.552434 0.052219
0 0.410375 0.228216 0.543257 0.052219
0 0.457673 0.448737 0.212171 0.052219
1 0.703869 0.441166 0.110683 0.065274
1 0.343405 0.604350 0.313468 0.065274
1 0.589567 0.959228 0.367069 0.065274
1 0.436887 0.070706 0.013843 0.039421
2 0.141786 0.074126 0.013843 0.039421
2 0.638050 0.541793 0.013843 0.039421
3 0.531387 0.660200 0.013167 0.039060
3 0.581606 0.870903 0.013167 0.039060
