0 0.496006 0.398016 0.534098 0.027322
0 0.549308 0.254368 0.168250 0.027322
0 0.657368 0.606663 0.257503 0.027322
0 0.411903 0.677903 0.239089 0.027322
0 0.331651 0.888461 0.299173 0.027322
1 0.588779 0.344172 0.584035 0.034153
1 0.376071 0.760565 0.181934 0.034153
1 0.149262 0.118652 0.113334 0.034153
1 0.670821 0.642118 0.014677 0.020626
2 0.931994 0.512010 0.014677 0.020626
2 0.955514 0.362765 0.014677 0.020626
3 0.485367 0.030463 0.013960 0.020437
3 0.597452 0.069905 0.013960 0.020437
