0 0.404500 0.743475 0.298181 0.029806
0 0.478130 0.226947 0.252899 0.029806
0 0.848374 0.876561 0.058834 0.029806
0 0.328370 0.815576 0.260836 0.029806
0 0.690687 0.778184 0.147976 0.029806
1 0.552705 0.431089 0.143770 0.037258
1 0.623627 0.599336 0.494196 0.037258
1 0.191194 0.286639 0.281560 0.037258
1 0.750153 0.656638 0.015449 0.022501
2 0.448563 0.152303 0.015449 0.022501
2 0.044967 0.874891 0.015449 0.022501
3 0.593542 0.159946 0.014695 0.022295
3 0.316175 0.334211 0.014695 0.022295
