0 0.832280 0.687934 0.128728 0.032733
0 0.463363 0.183899 0.470031 0.032733
0 0.232414 0.833744 0.238569 0.032733
0 0.819130 0.129198 0.190212 0.032733
0 0.330010 0.086088 0.370508 0.032733
1 0.882274 0.777973 0.031268 0.040917
1 0.677950 0.409948 0.187334 0.040917
1 0.504395 0.832547 0.093500 0.040917
1 0.071558 0.482207 0.011983 0.024711
2 0.797294 0.609246 0.011983 0.024711
2 0.944497 0.928277 0.011983 0.024711
3 0.912159 0.880486 0.011398 0.024484
3 0.848442 0.402160 0.011398 0.024484
