0 0.654857 0.420847 0.567497 0.024845
0 0.146489 0.798436 0.193562 0.024845
0 0.640924 0.205442 0.443216 0.024845
0 0.442410 0.080833 0.602744 0.024845
0 0.671271 0.164780 0.470805 0.024845
1 0.451773 0.521298 0.160183 0.031056
1 0.788638 0.597395 0.192887 0.031056
1 0.341822 0.636220 0.219530 0.031056
1 0.942346 0.116392 0.015605 0.018756
2 0.573676 0.895041 0.015605 0.018756
2 0.561449 0.640957 0.015605 0.018756
3 0.680585 0.240155 0.014844 0.018584
3 0.205461 0.138217 0.014844 0.018584
