0 0.618153 0.219476 0.216953 0.019512
0 0.378534 0.146286 0.103171 0.019512
0 0.562822 0.721222 0.297604 0.019512
0 0.790635 0.538140 0.203945 0.019512
0 0.838559 0.619575 0.233250 0.019512
1 0.446985 0.864971 0.468063 0.024390
1 0.199982 0.037132 0.091980 0.024390
1 0.099231 0.599154 0.036268 0.024390
1 0.588227 0.385153 0.016293 0.014730
2 0.012998 0.456423 0.016293 0.014730
2 0.831216 0.264256 0.016293 0.014730
3 0.474629 0.808648 0.015498 0.014595
3 0.139709 0.876417 0.015498 0.014595
