0 0.243471 0.314259 0.220248 0.035842
0 0.540654 0.075756 0.382781 0.035842
0 0.641223 0.318640 0.151053 0.035842
0 0.665216 0.569253 0.334070 0.035842
0 0.608386 0.890992 0.116384 0.035842
1 0.258738 0.213332 0.343776 0.044803
1 0.575558 0.710975 0.289873 0.044803
1 0.613312 0.463383 0.251030 0.044803
1 0.798589 0.688127 0.011097 0.027058
2 0.549720 0.235350 0.011097 0.027058
2 0.062547 0.040943 0.011097 0.027058
3 0.541646 0.960694 0.010556 0.026810
3 0.489615 0.348174 0.010556 0.026810
