0 0.341514 0.636842 0.022425 0.026560
0 0.849756 0.836885 0.292273 0.026560
0 0.245380 0.405495 0.322420 0.026560
0 0.557688 0.078782 0.386115 0.026560
0 0.700158 0.046799 0.257949 0.026560
1 0.241299 0.575753 0.377185 0.033201
1 0.219367 0.979821 0.309324 0.033201
1 0.493736 0.613619 0.100460 0.033201
1 0.213861 0.318553 0.010648 0.020051
2 0.331656 0.758357 0.010648 0.020051
2 0.305074 0.845989 0.010648 0.020051
3 0.411185 0.138194 0.010128 0.019867
3 0.240921 0.882409 0.010128 0.019867
