0 0.849909 0.026920 0.224791 0.028694
0 0.868275 0.152836 0.021976 0.028694
0 0.228921 0.040999 0.344851 0.028694
0 0.213446 0.302369 0.116556 0.028694
0 0.437971 0.954942 0.498647 0.028694
1 0.275762 0.896624 0.279731 0.035868
1 0.404835 0.808096 0.470695 0.035868
1 0.274055 0.480833 0.540809 0.035868
1 0.583134 0.023413 0.013653 0.021662
2 0.041428 0.419100 0.013653 0.021662
2 0.942297 0.629003 0.013653 0.021662
3 0.391421 0.565280 0.012987 0.021463
3 0.960955 0.821712 0.012987 0.021463
