0 0.647422 0.349439 0.043812 0.017153
0 0.480659 0.355420 0.136101 0.017153
0 0.391316 0.912976 0.660717 0.017153
0 0.509601 0.675981 0.529051 0.017153
0 0.616524 0.528504 0.071886 0.017153
1 0.518947 0.698924 0.741873 0.021441
1 0.278155 0.235343 0.492679 0.021441
1 0.676758 0.255311 0.048564 0.021441
1 0.508984 0.484358 0.019151 0.012949
2 0.873894 0.912514 0.019151 0.012949
2 0.794394 0.512759 0.019151 0.012949
3 0.878836 0.283779 0.018217 0.012830
3 0.534303 0.092196 0.018217 0.012830
