0 0.662781 0.644041 0.247960 0.045147
0 0.318944 0.497119 0.021759 0.045147
0 0.495021 0.154256 0.163928 0.045147
0 0.385738 0.582061 0.511549 0.045147
0 0.968597 0.128556 0.028262 0.045147
1 0.404658 0.769241 0.481443 0.056433
1 0.466117 0.847672 0.256348 0.056433
1 0.645755 0.274606 0.036325 0.056433
1 0.696031 0.200136 0.014077 0.034082
2 0.105852 0.177255 0.014077 0.034082
2 0.257321 0.193981 0.014077 0.034082
3 0.982844 0.375479 0.013390 0.033770
3 0.096194 0.327754 0.013390 0.033770
