0 0.457977 0.898004 0.544813 0.032520
0 0.315350 0.107154 0.170518 0.032520
0 0.615221 0.543796 0.292231 0.032520
0 0.202601 0.292002 0.161624 0.032520
0 0.289161 0.463479 0.459587 0.032520
1 0.785499 0.724710 0.327725 0.040650
1 0.698431 0.592492 0.216468 0.040650
1 0.314601 0.947568 0.541985 0.040650
1 0.738970 0.147451 0.014329 0.024550
2 0.633383 0.339038 0.014329 0.024550
2 0.568887 0.155235 0.014329 0.024550
3 0.666604 0.792044 0.013630 0.024325
3 0.899484 0.283212 0.013630 0.024325
