0 0.530860 0.719899 0.793871 0.022701
0 0.812329 0.578859 0.133249 0.022701
0 0.879291 0.182510 0.150654 0.022701
0 0.244764 0.020489 0.279781 0.022701
0 0.724017 0.313150 0.491417 0.022701
1 0.588980 0.768220 0.435978 0.028377
1 0.444857 0.121556 0.595581 0.028377
1 0.491826 0.467123 0.677732 0.028377
1 0.814014 0.415773 0.020218 0.017138
2 0.889064 0.043831 0.020218 0.017138
2 0.171902 0.560144 0.020218 0.017138
3 0.562410 0.862346 0.019231 0.016981
3 0.698843 0.807903 0.019231 0.016981
