0 0.469651 0.635261 0.625891 0.024390
0 0.557284 0.825402 0.492078 0.024390
0 0.548661 0.591725 0.591655 0.024390
0 0.211778 0.718859 0.078118 0.024390
0 0.530917 0.210307 0.032299 0.024390
1 0.379962 0.115652 0.589190 0.030488
1 0.443712 0.158947 0.483955 0.030488
1 0.475935 0.696775 0.062816 0.030488
1 0.031244 0.939253 0.019262 0.018413
2 0.799719 0.370393 0.019262 0.018413
2 0.639620 0.738766 0.019262 0.018413
3 0.409276 0.246656 0.018322 0.018244
3 0.766251 0.205268 0.018322 0.018244
