0 0.648395 0.921235 0.340110 0.018399
0 0.357331 0.832585 0.172434 0.018399
0 0.256362 0.585691 0.242287 0.018399
0 0.631716 0.122582 0.029130 0.018399
0 0.399980 0.705569 0.100221 0.018399
1 0.589098 0.395696 0.096947 0.022999
1 0.253471 0.230697 0.459337 0.022999
1 0.141931 0.772203 0.247971 0.022999
1 0.800044 0.859920 0.013607 0.013890
2 0.921814 0.578377 0.013607 0.013890
2 0.407861 0.073753 0.013607 0.013890
3 0.703665 0.218091 0.012943 0.013763
3 0.901436 0.939456 0.012943 0.013763
