0 0.257839 0.134789 0.147992 0.025221
0 0.291230 0.854947 0.085188 0.025221
0 0.508549 0.078635 0.333354 0.025221
0 0.676467 0.765467 0.497406 0.025221
0 0.852155 0.016795 0.029422 0.025221
1 0.150189 0.793482 0.142092 0.031526
1 0.494356 0.361160 0.406748 0.031526
1 0.615696 0.960881 0.282631 0.031526
1 0.843367 0.535353 0.013255 0.019040
2 0.330532 0.544977 0.013255 0.019040
2 0.882414 0.091095 0.013255 0.019040
3 0.341762 0.929659 0.012608 0.018865
3 0.629889 0.221001 0.012608 0.018865
