0 0.373990 0.614741 0.571298 0.030395
0 0.470389 0.777628 0.737657 0.030395
0 0.341113 0.707573 0.353258 0.030395
0 0.148397 0.106599 0.086376 0.030395
0 0.333383 0.394689 0.410308 0.030395
1 0.487522 0.240420 0.565439 0.037994
1 0.607767 0.160008 0.335791 0.037994
1 0.557335 0.571749 0.253291 0.037994
1 0.557424 0.516783 0.635262 0.037994
2 0.638326 0.956616 0.018444 0.022946
2 0.688599 0.090810 0.018444 0.022946
3 0.941912 0.406681 0.017544 0.022736
3 0.881457 0.879908 0.017544 0.022736
