0 0.863768 0.225727 0.202613 0.017825
0 0.270554 0.019573 0.057656 0.017825
0 0.759266 0.273588 0.474317 0.017825
0 0.874429 0.657848 0.202269 0.017825
0 0.220092 0.613020 0.247630 0.017825
1 0.163722 0.954242 0.327076 0.022282
1 0.533419 0.210218 0.364188 0.022282
1 0.491460 0.715527 0.199903 0.022282
1 0.395711 0.601891 0.014008 0.013457
2 0.428770 0.674660 0.014008 0.013457
2 0.195547 0.725797 0.014008 0.013457
3 0.627497 0.967012 0.013324 0.013333
3 0.411662 0.397909 0.013324 0.013333
