0 0.179209 0.699435 0.065720 0.018622
0 0.734617 0.686597 0.381906 0.018622
0 0.589490 0.251533 0.356747 0.018622
0 0.869302 0.771029 0.099268 0.018622
0 0.207846 0.624227 0.131608 0.018622
1 0.590356 0.384681 0.342140 0.023277
1 0.676210 0.027562 0.372179 0.023277
1 0.332392 0.181463 0.368682 0.023277
1 0.200894 0.074027 0.011513 0.014058
2 0.827140 0.978728 0.011513 0.014058
2 0.039799 0.862514 0.011513 0.014058
3 0.625178 0.728668 0.010951 0.013929
3 0.629126 0.902438 0.010951 0.013929
