0 0.402379 0.576870 0.199898 0.033784
0 0.562538 0.703699 0.201143 0.033784
0 0.072043 0.765411 0.014970 0.033784
0 0.450591 0.652973 0.331175 0.033784
0 0.579422 0.077144 0.193387 0.033784
1 0.793860 0.380212 0.240870 0.042230
1 0.245583 0.875593 0.253830 0.042230
1 0.246034 0.383749 0.205387 0.042230
1 0.755616 0.955788 0.011362 0.025504
2 0.878414 0.968725 0.011362 0.025504
2 0.141528 0.438238 0.011362 0.025504
3 0.274113 0.208728 0.010808 0.025270
3 0.042649 0.882665 0.010808 0.025270
