0 0.425263 0.370073 0.563857 0.046512
0 0.287274 0.271747 0.198362 0.046512
0 0.956613 0.378128 0.027952 0.046512
0 0.445424 0.947330 0.539224 0.046512
0 0.588161 0.665412 0.300283 0.046512
1 0.461828 0.880039 0.458805 0.058140
1 0.448747 0.483267 0.434634 0.058140
1 0.277870 0.184893 0.508323 0.058140
1 0.861310 0.829421 0.015110 0.035112
2 0.825199 0.947175 0.015110 0.035112
2 0.891460 0.488806 0.015110 0.035112
3 0.014463 0.384335 0.014372 0.034791
3 0.212367 0.126644 0.014372 0.034791
