0 0.531753 0.745410 0.362919 0.029499
0 0.579433 0.373616 0.049684 0.029499
0 0.666725 0.180654 0.053656 0.029499
0 0.739601 0.472431 0.396734 0.029499
0 0.620215 0.539436 0.287545 0.029499
1 0.405590 0.823702 0.227985 0.036873
1 0.167523 0.136662 0.295407 0.036873
1 0.848722 0.196027 0.244991 0.036873
1 0.284578 0.186463 0.011184 0.022269
2 0.420006 0.513800 0.011184 0.022269
2 0.986338 0.313639 0.011184 0.022269
3 0.503181 0.615657 0.010638 0.022065
3 0.394357 0.677849 0.010638 0.022065
