0 0.180382 0.227579 0.226138 0.029326
0 0.364265 0.813052 0.561148 0.029326
0 0.723580 0.635569 0.232263 0.029326
0 0.752223 0.858350 0.463344 0.029326
0 0.845855 0.075654 0.115808 0.029326
1 0.527721 0.052337 0.292789 0.036657
1 0.431182 0.667934 0.033393 0.036657
1 0.463326 0.587489 0.253246 0.036657
1 0.269992 0.285023 0.017851 0.022138
2 0.016938 0.079361 0.017851 0.022138
2 0.586886 0.701387 0.017851 0.022138
3 0.931471 0.266866 0.016979 0.021935
3 0.284950 0.659551 0.016979 0.021935
