0 0.349656 0.936989 0.609811 0.026455
0 0.293370 0.268083 0.260354 0.026455
0 0.758828 0.962170 0.065087 0.026455
0 0.503615 0.391954 0.425827 0.026455
0 0.366607 0.870899 0.014409 0.026455
1 0.523592 0.610215 0.160198 0.033069
1 0.416899 0.532855 0.577285 0.033069
1 0.138289 0.204353 0.055137 0.033069
1 0.482138 0.060043 0.016604 0.019971
2 0.939240 0.045624 0.016604 0.019971
2 0.643661 0.969437 0.016604 0.019971
3 0.468584 0.747797 0.015794 0.019788
3 0.803765 0.426813 0.015794 0.019788
