0 0.713982 0.249831 0.173605 0.035907
0 0.172780 0.387318 0.117295 0.035907
0 0.439906 0.633503 0.007944 0.035907
0 0.644771 0.179821 0.337628 0.035907
0 0.410053 0.457290 0.415710 0.035907
1 0.380322 0.074688 0.457913 0.044883
1 0.732840 0.127087 0.074702 0.044883
1 0.030050 0.406526 0.019961 0.044883
1 0.417570 0.904963 0.013607 0.027107
2 0.370295 0.869613 0.013607 0.027107
2 0.674835 0.636947 0.013607 0.027107
3 0.172921 0.754476 0.012943 0.026858
3 0.920308 0.811299 0.012943 0.026858
