0 0.469605 0.309691 0.704971 0.051414
0 0.757332 0.812615 0.485085 0.051414
0 0.364849 0.468565 0.318054 0.051414
0 0.858825 0.701157 0.282100 0.051414
0 0.713753 0.533183 0.200264 0.051414
1 0.195699 0.600622 0.207069 0.064267
1 0.395501 0.035483 0.165145 0.064267
1 0.641967 0.905067 0.703046 0.064267
1 0.484712 0.147183 0.196779 0.064267
2 0.512654 0.720143 0.017724 0.038813
2 0.016630 0.382566 0.017724 0.038813
3 0.366722 0.674968 0.016859 0.038458
3 0.956836 0.182518 0.016859 0.038458
