0 0.615710 0.311239 0.344009 0.021978
0 0.574918 0.861013 0.237664 0.021978
0 0.429854 0.712201 0.169170 0.021978
0 0.412670 0.094652 0.154995 0.021978
0 0.835147 0.820079 0.050741 0.021978
1 0.132288 0.677723 0.231928 0.027473
1 0.900831 0.763943 0.045736 0.027473
1 0.300118 0.932385 0.446373 0.027473
1 0.801317 0.179191 0.169966 0.027473
2 0.671307 0.723746 0.011890 0.016592
2 0.067702 0.624736 0.011890 0.016592
3 0.789969 0.882754 0.011310 0.016440
3 0.242234 0.851232 0.011310 0.016440
