0 0.468615 0.384349 0.032604 0.049628
0 0.799966 0.687502 0.328343 0.049628
0 0.835071 0.324278 0.142996 0.049628
0 0.529782 0.785443 0.581975 0.049628
0 0.206826 0.221403 0.245224 0.049628
1 0.681124 0.111477 0.397734 0.062035
1 0.402068 0.609784 0.584914 0.062035
1 0.363143 0.862528 0.588828 0.062035
1 0.054045 0.120481 0.015472 0.037465
2 0.598159 0.278295 0.015472 0.037465
2 0.920721 0.045100 0.015472 0.037465
3 0.728146 0.039736 0.014717 0.037122
3 0.404161 0.463828 0.014717 0.037122
