0 0.082971 0.830501 0.067617 0.051282
0 0.445858 0.899869 0.321172 0.051282
0 0.781045 0.462944 0.411649 0.051282
0 0.643458 0.580878 0.450008 0.051282
0 0.397093 0.130394 0.360110 0.051282
1 0.163150 0.531673 0.270419 0.064103
1 0.341568 0.207274 0.068003 0.064103
1 0.309245 0.654526 0.277642 0.064103
1 0.922784 0.714637 0.012033 0.038714
2 0.141929 0.035128 0.012033 0.038714
2 0.227548 0.448863 0.012033 0.038714
3 0.596618 0.142194 0.011446 0.038359
3 0.700304 0.973641 0.011446 0.038359
