0 0.566783 0.174544 0.349269 0.036430
0 0.213461 0.724665 0.084215 0.036430
0 0.343182 0.892704 0.276765 0.036430
0 0.673305 0.496700 0.212541 0.036430
0 0.770946 0.374334 0.215232 0.036430
1 0.361077 0.552211 0.299170 0.045537
1 0.396694 0.356871 0.204481 0.045537
1 0.536019 0.839806 0.510169 0.045537
1 0.526757 0.285897 0.015667 0.027502
2 0.860792 0.651110 0.015667 0.027502
2 0.856997 0.894543 0.015667 0.027502
3 0.265305 0.018142 0.014902 0.027250
3 0.360467 0.434797 0.014902 0.027250
