0 0.755575 0.057025 0.273094 0.021954
0 0.807042 0.302211 0.056887 0.021954
0 0.403231 0.615033 0.437210 0.021954
0 0.586855 0.870372 0.614493 0.021954
0 0.427890 0.252787 0.146080 0.021954
1 0.427502 0.832155 0.203342 0.027442
1 0.449998 0.757106 0.726262 0.027442
1 0.872309 0.962919 0.156711 0.027442
1 0.116540 0.286430 0.018738 0.016573
2 0.542582 0.840270 0.018738 0.016573
2 0.601913 0.514012 0.018738 0.016573
3 0.655134 0.235260 0.017824 0.016422
3 0.798358 0.598881 0.017824 0.016422
