0 0.684305 0.069947 0.290780 0.047393
0 0.520330 0.677310 0.283295 0.047393
0 0.136693 0.447170 0.145032 0.047393
0 0.719161 0.449361 0.160318 0.047393
0 0.847175 0.975328 0.304261 0.047393
1 0.360531 0.782162 0.226512 0.059242
1 0.770365 0.765841 0.165281 0.059242
1 0.555725 0.188256 0.481119 0.059242
1 0.216850 0.359190 0.014360 0.035778
2 0.981133 0.443012 0.014360 0.035778
2 0.454439 0.429949 0.014360 0.035778
3 0.848647 0.071285 0.013659 0.035450
3 0.925723 0.392352 0.013659 0.035450
