0 0.354059 0.089308 0.347677 0.024631
0 0.368349 0.886250 0.589879 0.024631
0 0.556183 0.244101 0.529138 0.024631
0 0.287712 0.939220 0.193172 0.024631
0 0.776314 0.438226 0.401042 0.024631
1 0.452508 0.513229 0.100171 0.030788
1 0.740979 0.569796 0.507372 0.030788
1 0.757771 0.533039 0.343759 0.030788
1 0.725762 0.693068 0.015121 0.018594
2 0.822507 0.195457 0.015121 0.018594
2 0.427906 0.199093 0.015121 0.018594
3 0.487152 0.130533 0.014383 0.018424
3 0.480153 0.018154 0.014383 0.018424
