0 0.864016 0.474276 0.016790 0.023952
0 0.326366 0.526245 0.152163 0.023952
0 0.684755 0.404762 0.408812 0.023952
0 0.359137 0.361064 0.182289 0.023952
0 0.442879 0.604497 0.425748 0.023952
1 0.829318 0.305003 0.289976 0.029940
1 0.639098 0.962912 0.263724 0.029940
1 0.641540 0.155045 0.404218 0.029940
1 0.264901 0.906751 0.010909 0.018082
2 0.691881 0.080145 0.010909 0.018082
2 0.805429 0.061733 0.010909 0.018082
3 0.316182 0.303342 0.010377 0.017916
3 0.432533 0.649461 0.010377 0.017916
