0 0.490952 0.660209 0.571355 0.024301
0 0.463770 0.189771 0.451328 0.024301
0 0.397280 0.795048 0.538747 0.024301
0 0.745961 0.289218 0.439334 0.024301
0 0.555444 0.529400 0.587235 0.024301
1 0.362752 0.711890 0.481910 0.030377
1 0.634106 0.947420 0.587453 0.030377
1 0.653060 0.385303 0.649514 0.030377
1 0.960563 0.738354 0.016536 0.018345
2 0.058893 0.489707 0.016536 0.018345
2 0.986137 0.589980 0.016536 0.018345
3 0.496987 0.028143 0.015728 0.018177
3 0.817730 0.501753 0.015728 0.018177
