0 0.499058 0.635705 0.487644 0.017182
0 0.642379 0.064094 0.238149 0.017182
0 0.722678 0.352402 0.026994 0.017182
0 0.432932 0.400413 0.287558 0.017182
0 0.683601 0.467694 0.251885 0.017182
1 0.374934 0.790736 0.541566 0.021478
1 0.652640 0.117247 0.269032 0.021478
1 0.774176 0.407212 0.302363 0.021478
1 0.051202 0.536286 0.016786 0.012971
2 0.943361 0.613897 0.016786 0.012971
2 0.014778 0.058242 0.016786 0.012971
3 0.490126 0.657088 0.015966 0.012852
3 0.112002 0.732944 0.015966 0.012852
