0 0.146920 0.399615 0.072285 0.021299
0 0.726283 0.015607 0.207477 0.021299
0 0.502098 0.710328 0.172767 0.021299
0 0.403876 0.462591 0.487764 0.021299
0 0.291772 0.372851 0.408324 0.021299
1 0.719041 0.157332 0.105988 0.026624
1 0.494552 0.917879 0.558256 0.026624
1 0.451536 0.049930 0.221967 0.026624
1 0.527158 0.744142 0.015053 0.016079
2 0.494344 0.686342 0.015053 0.016079
2 0.523893 0.208635 0.015053 0.016079
3 0.974357 0.735364 0.014318 0.015932
3 0.980340 0.581215 0.014318 0.015932
