0 0.722202 0.386133 0.305731 0.021390
0 0.571069 0.310756 0.527452 0.021390
0 0.518375 0.648875 0.527998 0.021390
0 0.635560 0.845171 0.387183 0.021390
0 0.408063 0.566576 0.080212 0.021390
1 0.600035 0.576955 0.155384 0.026738
1 0.386983 0.018557 0.061576 0.026738
1 0.349806 0.146595 0.375120 0.026738
1 0.334188 0.437763 0.015545 0.016148
2 0.116492 0.915056 0.015545 0.016148
2 0.810650 0.121718 0.015545 0.016148
3 0.246734 0.537266 0.014786 0.016000
3 0.910096 0.713697 0.014786 0.016000
