0 0.658904 0.047993 0.246700 0.021368
0 0.153898 0.167645 0.044052 0.021368
0 0.260487 0.643957 0.095998 0.021368
0 0.744780 0.792673 0.298523 0.021368
0 0.403917 0.281579 0.279510 0.021368
1 0.251221 0.540591 0.251254 0.026709
1 0.481408 0.033174 0.056947 0.026709
1 0.222918 0.676562 0.057025 0.026709
1 0.574975 0.748191 0.011785 0.016131
2 0.037221 0.296241 0.011785 0.016131
2 0.450210 0.497678 0.011785 0.016131
3 0.809652 0.872044 0.011209 0.015983
3 0.559566 0.480388 0.011209 0.015983
