0 0.649222 0.396174 0.444226 0.043668
0 0.426024 0.869349 0.344782 0.043668
0 0.657826 0.576948 0.277807 0.043668
0 0.578632 0.792316 0.362153 0.043668
0 0.127107 0.470796 0.090429 0.043668
1 0.357751 0.200658 0.128029 0.054585
1 0.698078 0.297715 0.460956 0.054585
1 0.473838 0.642194 0.479046 0.054585
1 0.808263 0.757588 0.014097 0.032966
2 0.385626 0.304303 0.014097 0.032966
2 0.408984 0.142670 0.014097 0.032966
3 0.338482 0.731987 0.013409 0.032664
3 0.973261 0.593265 0.013409 0.032664
