0 0.643293 0.691787 0.353457 0.054201
0 0.644030 0.360043 0.377116 0.054201
0 0.290697 0.122476 0.425343 0.054201
0 0.411826 0.878963 0.082446 0.054201
0 0.206717 0.041455 0.128266 0.054201
1 0.786019 0.209258 0.213577 0.067751
1 0.758652 0.889722 0.350923 0.067751
1 0.227363 0.643647 0.213000 0.067751
1 0.989287 0.099062 0.013570 0.040917
2 0.418478 0.938509 0.013570 0.040917
2 0.942826 0.266706 0.013570 0.040917
3 0.991695 0.195840 0.012908 0.040542
3 0.293630 0.230455 0.012908 0.040542
