0 0.395175 0.582742 0.243545 0.026110
0 0.681312 0.431960 0.050501 0.026110
0 0.199834 0.336783 0.187988 0.026110
0 0.756456 0.654587 0.471611 0.026110
0 0.535526 0.049354 0.281662 0.026110
1 0.695995 0.798680 0.283752 0.032637
1 0.706293 0.385272 0.339759 0.032637
1 0.088809 0.297113 0.164201 0.032637
1 0.895098 0.335279 0.012587 0.019711
2 0.742962 0.529055 0.012587 0.019711
2 0.966138 0.949062 0.012587 0.019711
3 0.768831 0.315385 0.011972 0.019530
3 0.457777 0.016422 0.011972 0.019530
