0 0.644377 0.769253 0.144746 0.040486
0 0.531119 0.466491 0.142839 0.040486
0 0.393275 0.784985 0.225090 0.040486
0 0.435081 0.276101 0.133739 0.040486
0 0.256666 0.185614 0.462381 0.040486
1 0.778044 0.521864 0.228962 0.050607
1 0.460313 0.935603 0.318103 0.050607
1 0.327707 0.668636 0.209393 0.050607
1 0.040793 0.396113 0.012747 0.030563
2 0.455614 0.551233 0.012747 0.030563
2 0.683952 0.343800 0.012747 0.030563
3 0.166946 0.915900 0.012125 0.030283
3 0.947008 0.262171 0.012125 0.030283
