0 0.364645 0.173608 0.509778 0.029718
0 0.404660 0.884159 0.284737 0.029718
0 0.421640 0.248786 0.106553 0.029718
0 0.359353 0.014997 0.384914 0.029718
0 0.729171 0.714392 0.255827 0.029718
1 0.335675 0.583934 0.400851 0.037147
1 0.146442 0.797916 0.048102 0.037147
1 0.765079 0.326747 0.038757 0.037147
1 0.528773 0.480813 0.282168 0.037147
2 0.052031 0.386768 0.013969 0.022434
2 0.252975 0.307451 0.013969 0.022434
3 0.966365 0.892704 0.013287 0.022229
3 0.030973 0.628431 0.013287 0.022229
