0 0.577321 0.054651 0.071348 0.016013
0 0.376441 0.528368 0.339255 0.016013
0 0.207335 0.160155 0.028497 0.016013
0 0.268295 0.488593 0.205553 0.016013
0 0.807928 0.750458 0.152669 0.016013
1 0.432902 0.710787 0.120262 0.020016
1 0.757982 0.437427 0.220366 0.020016
1 0.521262 0.669242 0.447042 0.020016
1 0.159066 0.740521 0.044522 0.020016
2 0.928611 0.763889 0.011862 0.012088
2 0.475685 0.030997 0.011862 0.012088
3 0.410402 0.441728 0.011283 0.011978
3 0.802180 0.926456 0.011283 0.011978
