0 0.862095 0.017643 0.055045 0.034483
0 0.451113 0.591086 0.462837 0.034483
0 0.465167 0.342686 0.023645 0.034483
0 0.353938 0.521917 0.035334 0.034483
0 0.776371 0.718956 0.120856 0.034483
1 0.345295 0.035228 0.119187 0.043103
1 0.348160 0.759883 0.427202 0.043103
1 0.687707 0.217453 0.339311 0.043103
1 0.381302 0.264928 0.014433 0.026032
2 0.720062 0.623561 0.014433 0.026032
2 0.904098 0.370288 0.014433 0.026032
3 0.587801 0.668959 0.013728 0.025793
3 0.013988 0.017857 0.013728 0.025793
