0 0.297546 0.766425 0.079665 0.017652
0 0.801652 0.911997 0.051855 0.017652
0 0.811479 0.027790 0.103361 0.017652
0 0.616440 0.427228 0.421044 0.017652
0 0.609601 0.780185 0.265844 0.017652
1 0.714258 0.403343 0.256230 0.022065
1 0.408004 0.635317 0.452999 0.022065
1 0.235437 0.211873 0.200834 0.022065
1 0.145538 0.945836 0.011434 0.013326
2 0.652927 0.942531 0.011434 0.013326
2 0.730632 0.375241 0.011434 0.013326
3 0.710660 0.486625 0.010876 0.013204
3 0.567934 0.502063 0.010876 0.013204
