0 0.884600 0.150297 0.220709 0.016708
0 0.501825 0.086678 0.270621 0.016708
0 0.493696 0.932977 0.201937 0.016708
0 0.345048 0.122986 0.153691 0.016708
0 0.373167 0.568503 0.256501 0.016708
1 0.574416 0.592171 0.190498 0.020886
1 0.363231 0.969489 0.443131 0.020886
1 0.542823 0.217208 0.395106 0.020886
1 0.295305 0.535196 0.012315 0.012613
2 0.956610 0.302603 0.012315 0.012613
2 0.687616 0.606156 0.012315 0.012613
3 0.243759 0.096551 0.011714 0.012498
3 0.986644 0.681328 0.011714 0.012498
