0 0.377831 0.250262 0.058214 0.016013
0 0.322587 0.814916 0.488461 0.016013
0 0.183247 0.949285 0.211988 0.016013
0 0.404251 0.575671 0.228409 0.016013
0 0.679048 0.486859 0.132398 0.016013
1 0.436340 0.761252 0.076002 0.020016
1 0.577853 0.044595 0.070930 0.020016
1 0.585248 0.272501 0.223849 0.020016
1 0.085890 0.577892 0.014796 0.012088
2 0.139282 0.226052 0.014796 0.012088
2 0.434839 0.483505 0.014796 0.012088
3 0.013957 0.502410 0.014074 0.011978
3 0.054928 0.398636 0.014074 0.011978
