0 0.618311 0.644315 0.123077 0.026738
0 0.554184 0.520185 0.354821 0.026738
0 0.869540 0.500472 0.166232 0.026738
0 0.785609 0.788884 0.269035 0.026738
0 0.541995 0.428014 0.538737 0.026738
1 0.725157 0.083728 0.368497 0.033422
1 0.231869 0.026853 0.403624 0.033422
1 0.579439 0.862411 0.493470 0.033422
1 0.037560 0.187814 0.014774 0.020185
2 0.356926 0.947372 0.014774 0.020185
2 0.175088 0.125413 0.014774 0.020185
3 0.875477 0.610564 0.014053 0.020000
3 0.942261 0.372711 0.014053 0.020000
