0 0.665677 0.932183 0.349056 0.028169
0 0.413260 0.224737 0.478071 0.028169
0 0.492497 0.805581 0.278209 0.028169
0 0.212290 0.334553 0.157857 0.028169
0 0.290663 0.890584 0.422871 0.028169
1 0.424988 0.532871 0.391479 0.035211
1 0.207370 0.678007 0.049179 0.035211
1 0.286027 0.264715 0.451656 0.035211
1 0.475796 0.022033 0.016758 0.021265
2 0.108012 0.755592 0.016758 0.021265
2 0.386224 0.706659 0.016758 0.021265
3 0.668223 0.628876 0.015940 0.021070
3 0.559575 0.733182 0.015940 0.021070
