0 0.701964 0.382709 0.276322 0.018868
0 0.127929 0.256541 0.059439 0.018868
0 0.519832 0.209676 0.604586 0.018868
0 0.750062 0.878309 0.467579 0.018868
0 0.304835 0.386757 0.465239 0.018868
1 0.352188 0.475601 0.543178 0.023585
1 0.270473 0.824749 0.369650 0.023585
1 0.488001 0.098746 0.359413 0.023585
1 0.314830 0.523187 0.015213 0.014244
2 0.757003 0.172973 0.015213 0.014244
2 0.127210 0.624099 0.015213 0.014244
3 0.264861 0.625717 0.014471 0.014113
3 0.764352 0.612480 0.014471 0.014113
