0 0.522935 0.888871 0.504624 0.035211
0 0.206094 0.651736 0.321740 0.035211
0 0.481528 0.776018 0.514110 0.035211
0 0.710282 0.512006 0.221546 0.035211
0 0.962832 0.766295 0.034130 0.035211
1 0.440834 0.590011 0.369554 0.044014
1 0.804748 0.636517 0.110450 0.044014
1 0.618628 0.696057 0.356072 0.044014
1 0.197599 0.431159 0.015942 0.026582
2 0.653967 0.558682 0.015942 0.026582
2 0.940436 0.913570 0.015942 0.026582
3 0.853579 0.241621 0.015164 0.026338
3 0.937289 0.175879 0.015164 0.026338
