0 0.606813 0.354951 0.018826 0.025381
0 0.081127 0.203472 0.037979 0.025381
0 0.325826 0.580151 0.416926 0.025381
0 0.684453 0.674878 0.333488 0.025381
0 0.459703 0.410135 0.279269 0.025381
1 0.775404 0.861714 0.397988 0.031726
1 0.470358 0.215646 0.139096 0.031726
1 0.732056 0.580254 0.375672 0.031726
1 0.973218 0.113513 0.010838 0.019160
2 0.862573 0.489161 0.010838 0.019160
2 0.864928 0.459921 0.010838 0.019160
3 0.714235 0.763557 0.010309 0.018985
3 0.236503 0.866295 0.010309 0.018985
