0 0.402826 0.472069 0.433553 0.020305
0 0.495456 0.734229 0.235352 0.020305
0 0.356584 0.910383 0.216696 0.020305
0 0.760251 0.346636 0.118068 0.020305
0 0.229856 0.837546 0.373196 0.020305
1 0.675191 0.826158 0.471686 0.025381
1 0.157056 0.624516 0.145053 0.025381
1 0.401738 0.406681 0.427005 0.025381
1 0.494017 0.629957 0.011778 0.015328
2 0.193266 0.140186 0.011778 0.015328
2 0.212462 0.543560 0.011778 0.015328
3 0.081213 0.192854 0.011203 0.015188
3 0.487477 0.136655 0.011203 0.015188
