0 0.579856 0.877264 0.286834 0.029674
0 0.125270 0.564156 0.163342 0.029674
0 0.776105 0.784208 0.334956 0.029674
0 0.854095 0.726770 0.278406 0.029674
0 0.532038 0.140494 0.507190 0.029674
1 0.088602 0.155079 0.133899 0.037092
1 0.393889 0.484646 0.392090 0.037092
1 0.893726 0.169215 0.191988 0.037092
1 0.845197 0.365835 0.304043 0.037092
2 0.964287 0.856845 0.013021 0.022401
2 0.611769 0.519619 0.013021 0.022401
3 0.379265 0.927856 0.012386 0.022196
3 0.947981 0.650268 0.012386 0.022196
