0 0.382404 0.245432 0.411085 0.018034
0 0.535349 0.056673 0.209436 0.018034
0 0.886524 0.048069 0.152406 0.018034
0 0.704022 0.333670 0.137939 0.018034
0 0.698473 0.542632 0.226122 0.018034
1 0.581506 0.664277 0.135229 0.022543
1 0.302116 0.524385 0.373419 0.022543
1 0.349561 0.030162 0.157028 0.022543
1 0.538970 0.318351 0.010502 0.013614
2 0.304659 0.631644 0.010502 0.013614
2 0.746921 0.104785 0.010502 0.013614
3 0.126683 0.617502 0.009989 0.013490
3 0.428460 0.492445 0.009989 0.013490
