0 0.969655 0.026113 0.037540 0.028777
0 0.118354 0.055388 0.127360 0.028777
0 0.264620 0.151211 0.095028 0.028777
0 0.621825 0.625714 0.131434 0.028777
0 0.665587 0.984480 0.351752 0.028777
1 0.434907 0.112135 0.399861 0.035971
1 0.528891 0.385884 0.315039 0.035971
1 0.696040 0.929983 0.448555 0.035971
1 0.047180 0.410036 0.011883 0.021724
2 0.706737 0.698146 0.011883 0.021724
2 0.263100 0.891646 0.011883 0.021724
3 0.221410 0.265146 0.011303 0.021525
3 0.042318 0.849609 0.011303 0.021525
