0 0.379739 0.650012 0.589002 0.020367
0 0.773696 0.870294 0.418903 0.020367
0 0.201357 0.719164 0.051838 0.020367
0 0.520296 0.550046 0.227307 0.020367
0 0.559038 0.360884 0.411089 0.020367
1 0.449850 0.131255 0.483873 0.025458
1 0.383243 0.284353 0.600830 0.025458
1 0.562589 0.072027 0.649562 0.025458
1 0.333545 0.830635 0.017756 0.015375
2 0.403527 0.796208 0.017756 0.015375
2 0.547878 0.415400 0.017756 0.015375
3 0.329789 0.468143 0.016889 0.015234
3 0.615403 0.211361 0.016889 0.015234
