0 0.748035 0.633753 0.254583 0.018416
0 0.321441 0.199664 0.523923 0.018416
0 0.565989 0.409728 0.499147 0.018416
0 0.562054 0.454849 0.040289 0.018416
0 0.338489 0.349556 0.234363 0.018416
1 0.869257 0.539069 0.117075 0.023020
1 0.619629 0.830940 0.416631 0.023020
1 0.710275 0.779906 0.373755 0.023020
1 0.198205 0.519676 0.014117 0.013903
2 0.986244 0.895033 0.014117 0.013903
2 0.932827 0.630763 0.014117 0.013903
3 0.777953 0.310825 0.013428 0.013775
3 0.187010 0.954588 0.013428 0.013775
