0 0.100198 0.546077 0.097335 0.034783
0 0.509277 0.240110 0.357675 0.034783
0 0.603773 0.355175 0.341325 0.034783
0 0.841751 0.980806 0.133405 0.034783
0 0.505767 0.442103 0.224507 0.034783
1 0.290617 0.039658 0.390967 0.043478
1 0.566126 0.668521 0.117011 0.043478
1 0.595288 0.158336 0.539490 0.043478
1 0.622800 0.798308 0.335867 0.043478
2 0.212548 0.899279 0.014602 0.026258
2 0.179483 0.878284 0.014602 0.026258
3 0.358844 0.712616 0.013889 0.026017
3 0.115524 0.981096 0.013889 0.026017
