0 0.247713 0.727203 0.371291 0.028450
0 0.904199 0.398859 0.181114 0.028450
0 0.243008 0.279712 0.412366 0.028450
0 0.344003 0.548849 0.249846 0.028450
0 0.365495 0.873948 0.072370 0.028450
1 0.686506 0.103339 0.217613 0.035562
1 0.316379 0.835530 0.409263 0.035562
1 0.562192 0.533005 0.058655 0.035562
1 0.833776 0.104716 0.010874 0.021477
2 0.535963 0.857803 0.010874 0.021477
2 0.204954 0.637254 0.010874 0.021477
3 0.630792 0.236000 0.010343 0.021280
3 0.053597 0.331318 0.010343 0.021280
