0 0.398371 0.784364 0.070584 0.034305
0 0.569747 0.565490 0.133955 0.034305
0 0.474640 0.619184 0.511010 0.034305
0 0.401598 0.860959 0.031956 0.034305
0 0.407510 0.044176 0.130486 0.034305
1 0.622213 0.789653 0.116267 0.042882
1 0.920601 0.703452 0.139404 0.042882
1 0.716193 0.319534 0.071762 0.042882
1 0.253284 0.575034 0.012912 0.025898
2 0.090463 0.526833 0.012912 0.025898
2 0.804155 0.701313 0.012912 0.025898
3 0.258819 0.507952 0.012282 0.025660
3 0.949279 0.325922 0.012282 0.025660
