0 0.450144 0.142316 0.313532 0.022779
0 0.727499 0.223751 0.365268 0.022779
0 0.366415 0.352774 0.264730 0.022779
0 0.389240 0.508976 0.370451 0.022779
0 0.731521 0.733704 0.453616 0.022779
1 0.596481 0.462452 0.046171 0.028474
1 0.253171 0.075095 0.465194 0.028474
1 0.423562 0.109689 0.101112 0.028474
1 0.732937 0.850345 0.011634 0.017196
2 0.071996 0.648041 0.011634 0.017196
2 0.616461 0.565819 0.011634 0.017196
3 0.221644 0.636398 0.011066 0.017039
3 0.145970 0.699086 0.011066 0.017039
