0 0.601836 0.675432 0.553985 0.018587
0 0.136946 0.219567 0.021282 0.018587
0 0.231136 0.472459 0.125737 0.018587
0 0.720901 0.385919 0.407731 0.018587
0 0.730033 0.927046 0.186704 0.018587
1 0.571995 0.821121 0.308721 0.023234
1 0.311887 0.558936 0.269345 0.023234
1 0.731895 0.038555 0.400091 0.023234
1 0.762705 0.173991 0.015866 0.014032
2 0.149770 0.174373 0.015866 0.014032
2 0.619023 0.784950 0.015866 0.014032
3 0.645711 0.242804 0.015091 0.013903
3 0.464220 0.201497 0.015091 0.013903
