0 0.488037 0.259401 0.178416 0.048780
0 0.562083 0.722683 0.130731 0.048780
0 0.182660 0.159391 0.063801 0.048780
0 0.973512 0.504821 0.006997 0.048780
0 0.374479 0.061449 0.511791 0.048780
1 0.809523 0.722177 0.245901 0.060976
1 0.773792 0.873089 0.281174 0.060976
1 0.799632 0.601324 0.062880 0.060976
1 0.654003 0.734949 0.012895 0.036825
2 0.540710 0.396858 0.012895 0.036825
2 0.352218 0.843569 0.012895 0.036825
3 0.514952 0.907659 0.012266 0.036488
3 0.953133 0.675785 0.012266 0.036488
