0 0.307227 0.276410 0.237064 0.017873
0 0.843060 0.444644 0.101294 0.017873
0 0.182136 0.474956 0.250294 0.017873
0 0.680004 0.537051 0.406987 0.017873
0 0.176169 0.972883 0.145726 0.017873
1 0.490751 0.612987 0.419596 0.022341
1 0.757689 0.349479 0.288114 0.022341
1 0.597170 0.772875 0.098317 0.022341
1 0.395136 0.814813 0.478542 0.022341
2 0.508026 0.370836 0.013290 0.013493
2 0.660214 0.505798 0.013290 0.013493
3 0.426905 0.135352 0.012641 0.013369
3 0.757177 0.321845 0.012641 0.013369
