0 0.296302 0.536976 0.142576 0.018605
0 0.669100 0.629122 0.439060 0.018605
0 0.279513 0.784252 0.379423 0.018605
0 0.634533 0.588903 0.069796 0.018605
0 0.819032 0.656824 0.168167 0.018605
1 0.647876 0.402266 0.112661 0.023256
1 0.249465 0.041544 0.459230 0.023256
1 0.436451 0.901149 0.426159 0.023256
1 0.900170 0.779603 0.012539 0.014045
2 0.530689 0.423901 0.012539 0.014045
2 0.950263 0.598865 0.012539 0.014045
3 0.868632 0.250474 0.011927 0.013916
3 0.553621 0.454266 0.011927 0.013916
