0 0.253581 0.724692 0.321581 0.017606
0 0.471455 0.407929 0.080536 0.017606
0 0.511875 0.990733 0.196428 0.017606
0 0.795024 0.711548 0.256710 0.017606
0 0.655112 0.064089 0.234026 0.017606
1 0.313137 0.628159 0.131540 0.022007
1 0.373212 0.815910 0.284764 0.022007
1 0.571344 0.310746 0.316607 0.022007
1 0.178463 0.796194 0.010768 0.013291
2 0.126783 0.010754 0.010768 0.013291
2 0.648291 0.982252 0.010768 0.013291
3 0.612585 0.867193 0.010243 0.013169
3 0.349478 0.852779 0.010243 0.013169
