0 0.861077 0.259582 0.120065 0.025478
0 0.643275 0.880276 0.108492 0.025478
0 0.167716 0.252378 0.154372 0.025478
0 0.775216 0.965031 0.355046 0.025478
0 0.680475 0.314475 0.019033 0.025478
1 0.246262 0.772230 0.427458 0.031847
1 0.569581 0.575296 0.075924 0.031847
1 0.878073 0.908493 0.091052 0.031847
1 0.871061 0.756820 0.011855 0.019234
2 0.451972 0.971122 0.011855 0.019234
2 0.566499 0.751730 0.011855 0.019234
3 0.153340 0.975136 0.011276 0.019057
3 0.927739 0.804924 0.011276 0.019057
