0 0.177505 0.528397 0.272563 0.028902
0 0.103916 0.887702 0.046676 0.028902
0 0.733936 0.740105 0.281907 0.028902
0 0.454307 0.107882 0.122318 0.028902
0 0.538522 0.604592 0.427318 0.028902
1 0.567977 0.026832 0.353541 0.036127
1 0.440464 0.809692 0.361097 0.036127
1 0.181270 0.356106 0.251854 0.036127
1 0.682421 0.461175 0.010999 0.021818
2 0.815117 0.097488 0.010999 0.021818
2 0.905494 0.710953 0.010999 0.021818
3 0.872929 0.467853 0.010463 0.021618
3 0.937238 0.807734 0.010463 0.021618
