0 0.692547 0.921311 0.378539 0.016906
0 0.550443 0.290571 0.407028 0.016906
0 0.473569 0.135464 0.239308 0.016906
0 0.458224 0.313978 0.113302 0.016906
0 0.729673 0.802792 0.213175 0.016906
1 0.703900 0.887784 0.347142 0.021133
1 0.197539 0.088544 0.063483 0.021133
1 0.606803 0.555517 0.265555 0.021133
1 0.018177 0.423396 0.010614 0.012763
2 0.918338 0.850546 0.010614 0.012763
2 0.889477 0.198628 0.010614 0.012763
3 0.716964 0.519682 0.010096 0.012646
3 0.558256 0.316528 0.010096 0.012646
