0 0.846627 0.488471 0.203167 0.032895
0 0.690284 0.030890 0.102547 0.032895
0 0.418020 0.537318 0.251893 0.032895
0 0.711257 0.595233 0.300841 0.032895
0 0.255103 0.666905 0.205523 0.032895
1 0.606691 0.212054 0.360622 0.041118
1 0.561630 0.846145 0.114825 0.041118
1 0.526483 0.444157 0.371928 0.041118
1 0.133301 0.500898 0.011792 0.024833
2 0.353866 0.362073 0.011792 0.024833
2 0.884986 0.192437 0.011792 0.024833
3 0.499635 0.783256 0.011216 0.024605
3 0.008685 0.719487 0.011216 0.024605
