0 0.331573 0.959442 0.399829 0.034188
0 0.315360 0.421933 0.071457 0.034188
0 0.494314 0.074943 0.287063 0.034188
0 0.750436 0.290858 0.314136 0.034188
0 0.855924 0.647069 0.054373 0.034188
1 0.248671 0.693129 0.123561 0.042735
1 0.508738 0.184311 0.183492 0.042735
1 0.176839 0.062848 0.071304 0.042735
1 0.552288 0.786272 0.010580 0.025809
2 0.337637 0.359623 0.010580 0.025809
2 0.813581 0.043818 0.010580 0.025809
3 0.809173 0.095550 0.010064 0.025573
3 0.375552 0.337728 0.010064 0.025573
