0 0.406375 0.442550 0.503476 0.025349
0 0.858531 0.947950 0.136839 0.025349
0 0.969800 0.760594 0.044917 0.025349
0 0.751556 0.065354 0.351064 0.025349
0 0.797537 0.310940 0.030617 0.025349
1 0.577336 0.020825 0.282419 0.031686
1 0.493714 0.808564 0.283648 0.031686
1 0.117383 0.486630 0.197467 0.031686
1 0.022362 0.608042 0.012904 0.019136
2 0.822359 0.603559 0.012904 0.019136
2 0.731767 0.414195 0.012904 0.019136
3 0.494675 0.527506 0.012274 0.018961
3 0.278057 0.258449 0.012274 0.018961
