0 0.360293 0.549219 0.363820 0.022124
0 0.720544 0.251726 0.099702 0.022124
0 0.603330 0.931415 0.146603 0.022124
0 0.671099 0.765039 0.234890 0.022124
0 0.580897 0.424926 0.330009 0.022124
1 0.249826 0.908751 0.273871 0.027655
1 0.480336 0.689703 0.215112 0.027655
1 0.747356 0.795618 0.176005 0.027655
1 0.599871 0.164776 0.010659 0.016702
2 0.735642 0.901624 0.010659 0.016702
2 0.314190 0.364074 0.010659 0.016702
3 0.815495 0.114344 0.010139 0.016549
3 0.077746 0.520058 0.010139 0.016549
