0 0.595099 0.058463 0.114436 0.036166
0 0.432243 0.321861 0.689038 0.036166
0 0.313743 0.588356 0.498306 0.036166
0 0.492534 0.924726 0.620063 0.036166
0 0.488711 0.792395 0.136102 0.036166
1 0.230805 0.111504 0.425255 0.045208
1 0.599620 0.727463 0.433701 0.045208
1 0.143963 0.259400 0.282094 0.045208
1 0.801015 0.867794 0.017415 0.027303
2 0.607137 0.624587 0.017415 0.027303
2 0.250755 0.464199 0.017415 0.027303
3 0.226767 0.370193 0.016565 0.027052
3 0.961492 0.751012 0.016565 0.027052
