0 0.457200 0.237522 0.469737 0.016515
0 0.698032 0.086476 0.075469 0.016515
0 0.411131 0.398686 0.446057 0.016515
0 0.554784 0.488047 0.022872 0.016515
0 0.797588 0.777025 0.093539 0.016515
1 0.494812 0.683570 0.410149 0.020644
1 0.727175 0.916166 0.260570 0.020644
1 0.239196 0.358183 0.450810 0.020644
1 0.805406 0.633719 0.012285 0.012468
2 0.925221 0.457549 0.012285 0.012468
2 0.798437 0.939431 0.012285 0.012468
3 0.594194 0.582172 0.011685 0.012353
3 0.069843 0.406098 0.011685 0.012353
