0 0.843583 0.677966 0.172002 0.044944
0 0.505567 0.197523 0.208737 0.044944
0 0.760622 0.131502 0.260768 0.044944
0 0.765101 0.206245 0.015539 0.044944
0 0.178426 0.716964 0.135966 0.044944
1 0.256145 0.521646 0.187307 0.056180
1 0.226236 0.776676 0.141637 0.056180
1 0.614396 0.912095 0.392089 0.056180
1 0.121787 0.375443 0.015618 0.033929
2 0.191098 0.158819 0.015618 0.033929
2 0.055109 0.739073 0.015618 0.033929
3 0.115980 0.100627 0.014855 0.033618
3 0.836063 0.250711 0.014855 0.033618
