0 0.402608 0.108994 0.578021 0.016380
0 0.288095 0.483251 0.359859 0.016380
0 0.356028 0.135867 0.472089 0.016380
0 0.628294 0.250253 0.641404 0.016380
0 0.428128 0.414269 0.120524 0.016380
1 0.575482 0.943325 0.529015 0.020475
1 0.597702 0.050735 0.662760 0.020475
1 0.624256 0.546647 0.642786 0.020475
1 0.219100 0.803380 0.016928 0.012366
2 0.136433 0.252995 0.016928 0.012366
2 0.872678 0.689771 0.016928 0.012366
3 0.009930 0.295435 0.016102 0.012252
3 0.436564 0.853398 0.016102 0.012252
