0 0.313894 0.771632 0.304495 0.042283
0 0.153814 0.938483 0.055150 0.042283
0 0.711212 0.127965 0.329869 0.042283
0 0.476986 0.512044 0.490785 0.042283
0 0.834330 0.825573 0.099721 0.042283
1 0.163925 0.649553 0.052427 0.052854
1 0.584542 0.866409 0.059188 0.052854
1 0.805395 0.738257 0.147540 0.052854
1 0.734070 0.575264 0.012500 0.031920
2 0.347307 0.573329 0.012500 0.031920
2 0.898122 0.220885 0.012500 0.031920
3 0.226355 0.162738 0.011890 0.031628
3 0.612430 0.735293 0.011890 0.031628
