0 0.672985 0.285435 0.160223 0.019822
0 0.732317 0.631125 0.428564 0.019822
0 0.368337 0.974550 0.012561 0.019822
0 0.398811 0.348605 0.239578 0.019822
0 0.323717 0.800673 0.546653 0.019822
1 0.757279 0.566926 0.423860 0.024777
1 0.518197 0.740240 0.067777 0.024777
1 0.097942 0.245197 0.140976 0.024777
1 0.744937 0.660634 0.015766 0.014964
2 0.011136 0.348583 0.015766 0.014964
2 0.910473 0.356063 0.015766 0.014964
3 0.186083 0.251502 0.014996 0.014827
3 0.771906 0.325481 0.014996 0.014827
