0 0.729820 0.250962 0.354296 0.024752
0 0.643055 0.797607 0.276460 0.024752
0 0.525998 0.532626 0.255082 0.024752
0 0.412749 0.746064 0.192913 0.024752
0 0.602083 0.411040 0.372172 0.024752
1 0.881316 0.678552 0.165601 0.030941
1 0.476379 0.139132 0.306055 0.030941
1 0.292147 0.264660 0.040913 0.030941
1 0.071756 0.211813 0.013124 0.018686
2 0.611640 0.492097 0.013124 0.018686
2 0.450303 0.207432 0.013124 0.018686
3 0.743718 0.481143 0.012484 0.018515
3 0.391295 0.988651 0.012484 0.018515
