0 0.134854 0.292544 0.224109 0.016155
0 0.490348 0.085379 0.237426 0.016155
0 0.189177 0.772077 0.133108 0.016155
0 0.770022 0.261006 0.313260 0.016155
0 0.180358 0.940634 0.113106 0.016155
1 0.450078 0.761037 0.180035 0.020194
1 0.122386 0.608200 0.171452 0.020194
1 0.337571 0.216261 0.084497 0.020194
1 0.023479 0.624252 0.011834 0.012196
2 0.605641 0.888998 0.011834 0.012196
2 0.705976 0.048446 0.011834 0.012196
3 0.261554 0.295191 0.011256 0.012084
3 0.862228 0.229461 0.011256 0.012084
