0 0.605486 0.754055 0.400376 0.042194
0 0.788276 0.152848 0.382268 0.042194
0 0.476161 0.823329 0.578375 0.042194
0 0.381284 0.271307 0.418673 0.042194
0 0.553275 0.575354 0.726360 0.042194
1 0.526627 0.086209 0.724991 0.052743
1 0.675300 0.917538 0.052220 0.052743
1 0.323675 0.379864 0.038266 0.052743
1 0.946096 0.303789 0.018376 0.031853
2 0.560836 0.640762 0.018376 0.031853
2 0.548389 0.971064 0.018376 0.031853
3 0.287079 0.931669 0.017479 0.031561
3 0.362156 0.951651 0.017479 0.031561
