0 0.357074 0.901745 0.165295 0.019157
0 0.748922 0.895028 0.365425 0.019157
0 0.120902 0.222284 0.106125 0.019157
0 0.551489 0.289276 0.303231 0.019157
0 0.194821 0.435518 0.343343 0.019157
1 0.845199 0.414763 0.054751 0.023946
1 0.870192 0.012426 0.178218 0.023946
1 0.370312 0.163366 0.388426 0.023946
1 0.021450 0.592905 0.010768 0.014462
2 0.323146 0.878442 0.010768 0.014462
2 0.155792 0.606693 0.010768 0.014462
3 0.675923 0.406011 0.010243 0.014330
3 0.788307 0.644795 0.010243 0.014330
