0 0.488928 0.475202 0.258034 0.055096
0 0.798240 0.201803 0.273101 0.055096
0 0.552107 0.576363 0.146550 0.055096
0 0.460170 0.394534 0.132947 0.055096
0 0.189841 0.638429 0.316891 0.055096
1 0.398853 0.713133 0.261438 0.068871
1 0.692993 0.427152 0.081029 0.068871
1 0.744252 0.721646 0.386696 0.068871
1 0.983062 0.157404 0.011813 0.041593
2 0.946554 0.767566 0.011813 0.041593
2 0.193798 0.168963 0.011813 0.041593
3 0.277554 0.057199 0.011236 0.041212
3 0.049978 0.224474 0.011236 0.041212
