0 0.550513 0.574927 0.108028 0.019646
0 0.510695 0.663062 0.489015 0.019646
0 0.094820 0.085501 0.010355 0.019646
0 0.811034 0.599498 0.060994 0.019646
0 0.247892 0.542247 0.387666 0.019646
1 0.387519 0.629288 0.391434 0.024558
1 0.814881 0.559849 0.067839 0.024558
1 0.372805 0.947199 0.424869 0.024558
1 0.717613 0.431410 0.017803 0.014831
2 0.844939 0.443328 0.017803 0.014831
2 0.049306 0.652511 0.017803 0.014831
3 0.852556 0.711710 0.016934 0.014695
3 0.011972 0.240188 0.016934 0.014695
