0 0.603492 0.790580 0.226244 0.020661
0 0.715926 0.848989 0.458642 0.020661
0 0.335751 0.328980 0.282374 0.020661
0 0.565399 0.960056 0.300190 0.020661
0 0.631787 0.193949 0.416514 0.020661
1 0.448095 0.226178 0.473519 0.025826
1 0.795019 0.362172 0.019238 0.025826
1 0.364027 0.150356 0.308250 0.025826
1 0.433229 0.681189 0.012691 0.015597
2 0.560297 0.134905 0.012691 0.015597
2 0.976609 0.912564 0.012691 0.015597
3 0.195499 0.292180 0.012071 0.015455
3 0.549455 0.877206 0.012071 0.015455
