0 0.860937 0.828956 0.021338 0.017699
0 0.444748 0.402343 0.369696 0.017699
0 0.201194 0.213718 0.136731 0.017699
0 0.442912 0.978444 0.083355 0.017699
0 0.112514 0.405180 0.043836 0.017699
1 0.570626 0.872409 0.022915 0.022124
1 0.473463 0.510481 0.117565 0.022124
1 0.408142 0.308448 0.136478 0.022124
1 0.010749 0.434560 0.010073 0.013361
2 0.791447 0.890561 0.010073 0.013361
2 0.815560 0.166816 0.010073 0.013361
3 0.263781 0.106126 0.009581 0.013239
3 0.061563 0.921463 0.009581 0.013239
