0 0.507575 0.621816 0.538004 0.051948
0 0.520249 0.743207 0.473197 0.051948
0 0.875959 0.886584 0.022799 0.051948
0 0.796657 0.281309 0.248831 0.051948
0 0.658895 0.151652 0.552237 0.051948
1 0.849438 0.795444 0.171539 0.064935
1 0.394878 0.511217 0.285344 0.064935
1 0.360069 0.967147 0.615249 0.064935
1 0.071312 0.421243 0.015401 0.039216
2 0.051071 0.198301 0.015401 0.039216
2 0.964082 0.545685 0.015401 0.039216
3 0.032937 0.881617 0.014649 0.038857
3 0.704858 0.805967 0.014649 0.038857
