0 0.381249 0.145537 0.254095 0.016234
0 0.261823 0.567712 0.329563 0.016234
0 0.483025 0.980299 0.333414 0.016234
0 0.351946 0.898526 0.377621 0.016234
0 0.584058 0.076423 0.150371 0.016234
1 0.738149 0.305012 0.403409 0.020292
1 0.251835 0.934281 0.279082 0.020292
1 0.830679 0.279368 0.298817 0.020292
1 0.859800 0.573183 0.010318 0.012255
2 0.569086 0.383897 0.010318 0.012255
2 0.458882 0.698656 0.010318 0.012255
3 0.138591 0.394073 0.009814 0.012143
3 0.068051 0.941819 0.009814 0.012143
