0 0.790701 0.647730 0.324005 0.019139
0 0.767524 0.556554 0.310924 0.019139
0 0.436699 0.975578 0.061931 0.019139
0 0.376166 0.761370 0.490373 0.019139
0 0.185836 0.329594 0.042523 0.019139
1 0.230489 0.829176 0.246506 0.023923
1 0.528260 0.713923 0.415425 0.023923
1 0.904493 0.307783 0.028058 0.023923
1 0.229005 0.700395 0.012453 0.014448
2 0.019654 0.938510 0.012453 0.014448
2 0.664427 0.177764 0.012453 0.014448
3 0.809627 0.959746 0.011845 0.014316
3 0.173998 0.704660 0.011845 0.014316
