0 0.622648 0.679447 0.620723 0.019666
0 0.346072 0.424613 0.318685 0.019666
0 0.648975 0.551264 0.278158 0.019666
0 0.475986 0.875939 0.462572 0.019666
0 0.370220 0.963808 0.591853 0.019666
1 0.175972 0.025284 0.089821 0.024582
1 0.455545 0.471097 0.537832 0.024582
1 0.437403 0.115037 0.316859 0.024582
1 0.128301 0.985790 0.015691 0.014846
2 0.367976 0.830090 0.015691 0.014846
2 0.139581 0.312629 0.015691 0.014846
3 0.915595 0.499177 0.014925 0.014710
3 0.871649 0.279740 0.014925 0.014710
