0 0.305346 0.150573 0.551168 0.036036
0 0.162852 0.244930 0.184845 0.036036
0 0.530408 0.655052 0.398957 0.036036
0 0.779802 0.472000 0.334062 0.036036
0 0.875960 0.883107 0.146992 0.036036
1 0.239258 0.302527 0.050344 0.045045
1 0.598633 0.732557 0.414907 0.045045
1 0.106979 0.898487 0.205189 0.045045
1 0.724471 0.171115 0.013959 0.027204
2 0.213799 0.791809 0.013959 0.027204
2 0.760872 0.040004 0.013959 0.027204
3 0.339694 0.449103 0.013277 0.026955
3 0.444287 0.473478 0.013277 0.026955
