0 0.343820 0.759584 0.136843 0.023838
0 0.650932 0.141847 0.305368 0.023838
0 0.351116 0.193622 0.540272 0.023838
0 0.571188 0.538688 0.585147 0.023838
0 0.409217 0.937768 0.454746 0.023838
1 0.447987 0.828508 0.525373 0.029797
1 0.577271 0.364259 0.519263 0.029797
1 0.382861 0.593894 0.071452 0.029797
1 0.052886 0.458017 0.014840 0.017996
2 0.942427 0.898600 0.014840 0.017996
2 0.413537 0.140612 0.014840 0.017996
3 0.631538 0.964622 0.014116 0.017831
3 0.722127 0.793397 0.014116 0.017831
