0 0.565919 0.653241 0.789772 0.023669
0 0.713305 0.266718 0.243914 0.023669
0 0.590209 0.784472 0.637186 0.023669
0 0.481723 0.943715 0.104486 0.023669
0 0.412769 0.614838 0.647074 0.023669
1 0.351014 0.846379 0.610827 0.029586
1 0.482562 0.472351 0.493272 0.029586
1 0.689736 0.367435 0.616518 0.029586
1 0.248179 0.013276 0.020177 0.017868
2 0.590383 0.220378 0.020177 0.017868
2 0.866484 0.110052 0.020177 0.017868
3 0.036495 0.013948 0.019192 0.017704
3 0.283449 0.712011 0.019192 0.017704
