0 0.175153 0.718887 0.292912 0.019531
0 0.647269 0.011106 0.166709 0.019531
0 0.381774 0.280651 0.163401 0.019531
0 0.382384 0.627983 0.120210 0.019531
0 0.265963 0.049819 0.356889 0.019531
1 0.871668 0.973075 0.188721 0.024414
1 0.559404 0.120848 0.337384 0.024414
1 0.797697 0.044142 0.348882 0.024414
1 0.430946 0.306274 0.011695 0.014744
2 0.282278 0.216082 0.011695 0.014744
2 0.542517 0.745991 0.011695 0.014744
3 0.297326 0.835373 0.011124 0.014609
3 0.696352 0.720425 0.011124 0.014609
