0 0.602191 0.065380 0.185021 0.016474
0 0.853969 0.186579 0.165431 0.016474
0 0.654291 0.345035 0.215327 0.016474
0 0.104862 0.070125 0.087412 0.016474
0 0.527263 0.539048 0.313581 0.016474
1 0.411699 0.910321 0.017345 0.020593
1 0.770902 0.713918 0.181355 0.020593
1 0.297927 0.337515 0.114000 0.020593
1 0.274942 0.271098 0.011330 0.012437
2 0.193215 0.439300 0.011330 0.012437
2 0.040944 0.766528 0.011330 0.012437
3 0.932959 0.357601 0.010777 0.012323
3 0.249505 0.524130 0.010777 0.012323
