0 0.319900 0.819462 0.231238 0.020661
0 0.599342 0.257559 0.072569 0.020661
0 0.278152 0.267081 0.473000 0.020661
0 0.836867 0.699897 0.258409 0.020661
0 0.623893 0.601050 0.178502 0.020661
1 0.168362 0.942421 0.222829 0.025826
1 0.172996 0.555211 0.217149 0.025826
1 0.745504 0.929619 0.284765 0.025826
1 0.507317 0.336267 0.011848 0.015597
2 0.468113 0.836616 0.011848 0.015597
2 0.163519 0.052019 0.011848 0.015597
3 0.879021 0.836062 0.011269 0.015455
3 0.401390 0.521737 0.011269 0.015455
