0 0.512377 0.786631 0.563548 0.041580
0 0.167114 0.356886 0.145498 0.041580
0 0.378849 0.854615 0.487160 0.041580
0 0.703280 0.328016 0.514305 0.041580
0 0.776414 0.201589 0.391032 0.041580
1 0.756501 0.579126 0.297447 0.051975
1 0.385387 0.058909 0.374880 0.051975
1 0.869614 0.677746 0.153576 0.051975
1 0.032014 0.219400 0.016563 0.031389
2 0.603528 0.695283 0.016563 0.031389
2 0.567416 0.256864 0.016563 0.031389
3 0.581457 0.150379 0.015755 0.031102
3 0.441230 0.965444 0.015755 0.031102
