0 0.888623 0.190257 0.013200 0.018692
0 0.324991 0.375952 0.454414 0.018692
0 0.770701 0.866644 0.122223 0.018692
0 0.660781 0.812143 0.404998 0.018692
0 0.327384 0.524720 0.379352 0.018692
1 0.616935 0.436581 0.455158 0.023364
1 0.434453 0.240183 0.223999 0.023364
1 0.405830 0.716078 0.230677 0.023364
1 0.104833 0.079483 0.012113 0.014111
2 0.049229 0.535103 0.012113 0.014111
2 0.221078 0.029166 0.012113 0.014111
3 0.985935 0.059331 0.011522 0.013981
3 0.567714 0.110840 0.011522 0.013981
