0 0.553966 0.467757 0.158141 0.019512
0 0.535768 0.389397 0.025528 0.019512
0 0.445446 0.705837 0.523425 0.019512
0 0.420155 0.238194 0.177283 0.019512
0 0.305981 0.124771 0.165075 0.019512
1 0.325910 0.088762 0.109834 0.024390
1 0.558820 0.535373 0.478750 0.024390
1 0.316906 0.898400 0.155481 0.024390
1 0.140094 0.352073 0.013308 0.014730
2 0.805239 0.599348 0.013308 0.014730
2 0.508136 0.008219 0.013308 0.014730
3 0.047673 0.148591 0.012658 0.014595
3 0.847580 0.534258 0.012658 0.014595
