0 0.566992 0.897555 0.535301 0.035524
0 0.550095 0.472179 0.287573 0.035524
0 0.769272 0.142891 0.456510 0.035524
0 0.653888 0.253118 0.579906 0.035524
0 0.326829 0.729590 0.563759 0.035524
1 0.810400 0.199038 0.194823 0.044405
1 0.615528 0.086243 0.549779 0.044405
1 0.464201 0.840001 0.311925 0.044405
1 0.304329 0.506829 0.018844 0.026818
2 0.360269 0.649950 0.018844 0.026818
2 0.777531 0.966442 0.018844 0.026818
3 0.915857 0.334268 0.017925 0.026572
3 0.114129 0.340377 0.017925 0.026572
