0 0.636276 0.598216 0.302966 0.016340
0 0.607256 0.362966 0.385481 0.016340
0 0.691162 0.643808 0.362925 0.016340
0 0.251922 0.027790 0.319618 0.016340
0 0.388400 0.230366 0.400539 0.016340
1 0.396910 0.158579 0.377498 0.020425
1 0.116560 0.284071 0.211164 0.020425
1 0.695601 0.167068 0.171707 0.020425
1 0.525240 0.026199 0.010602 0.012335
2 0.296690 0.755174 0.010602 0.012335
2 0.944393 0.843690 0.010602 0.012335
3 0.523770 0.565236 0.010085 0.012222
3 0.942041 0.592918 0.010085 0.012222
