0 0.419832 0.338398 0.428468 0.019011
0 0.289143 0.890128 0.322566 0.019011
0 0.463031 0.287193 0.292962 0.019011
0 0.581606 0.803705 0.077024 0.019011
0 0.238436 0.496813 0.327133 0.019011
1 0.729214 0.242166 0.193368 0.023764
1 0.330418 0.376966 0.218395 0.023764
1 0.752361 0.504340 0.096827 0.023764
1 0.799895 0.191147 0.011292 0.014352
2 0.040974 0.406843 0.011292 0.014352
2 0.823060 0.837918 0.011292 0.014352
3 0.855888 0.809464 0.010741 0.014221
3 0.754393 0.040678 0.010741 0.014221
