0 0.663519 0.361816 0.113619 0.018018
0 0.462810 0.148126 0.137112 0.018018
0 0.669948 0.945776 0.410746 0.018018
0 0.592696 0.312871 0.230995 0.018018
0 0.627149 0.450908 0.103330 0.018018
1 0.571453 0.854622 0.734570 0.022523
1 0.227966 0.671014 0.387855 0.022523
1 0.551985 0.812640 0.159546 0.022523
1 0.442203 0.385942 0.019374 0.013602
2 0.662887 0.818894 0.019374 0.013602
2 0.379166 0.054359 0.019374 0.013602
3 0.971314 0.752355 0.018429 0.013477
3 0.053209 0.623078 0.018429 0.013477
