0 0.633699 0.751274 0.328868 0.038760
0 0.843914 0.606941 0.274036 0.038760
0 0.563467 0.978969 0.112553 0.038760
0 0.246115 0.831274 0.353928 0.038760
0 0.697255 0.895185 0.023314 0.038760
1 0.352007 0.055372 0.342122 0.048450
1 0.362349 0.249238 0.394450 0.048450
1 0.568769 0.549894 0.260214 0.048450
1 0.581951 0.219954 0.010244 0.029260
2 0.362151 0.183211 0.010244 0.029260
2 0.950954 0.547637 0.010244 0.029260
3 0.549303 0.808241 0.009744 0.028992
3 0.447946 0.804220 0.009744 0.028992
