0 0.684967 0.642262 0.105015 0.031056
0 0.361757 0.075875 0.152619 0.031056
0 0.211530 0.661667 0.064081 0.031056
0 0.769687 0.293352 0.133665 0.031056
0 0.539516 0.063627 0.040877 0.031056
1 0.804693 0.771694 0.226567 0.038820
1 0.733706 0.196886 0.516777 0.038820
1 0.729571 0.588042 0.134321 0.038820
1 0.097429 0.040589 0.013299 0.023445
2 0.013175 0.160509 0.013299 0.023445
2 0.702408 0.464417 0.013299 0.023445
3 0.260933 0.547138 0.012650 0.023230
3 0.454526 0.493118 0.012650 0.023230
