0 0.172830 0.201259 0.182299 0.025381
0 0.278274 0.785497 0.313574 0.025381
0 0.716233 0.337652 0.382126 0.025381
0 0.386629 0.846413 0.078116 0.025381
0 0.145188 0.891947 0.200347 0.025381
1 0.606377 0.715365 0.324260 0.031726
1 0.448102 0.891344 0.243563 0.031726
1 0.626684 0.298013 0.248900 0.031726
1 0.375984 0.964631 0.010480 0.019160
2 0.486752 0.465781 0.010480 0.019160
2 0.933450 0.232695 0.010480 0.019160
3 0.084603 0.835242 0.009969 0.018985
3 0.067156 0.451408 0.009969 0.018985
