0 0.328552 0.195422 0.251476 0.029112
0 0.537724 0.722033 0.503947 0.029112
0 0.612446 0.777355 0.400733 0.029112
0 0.606445 0.556247 0.175335 0.029112
0 0.912857 0.385781 0.146741 0.029112
1 0.190176 0.488264 0.288049 0.036390
1 0.345262 0.654504 0.044088 0.036390
1 0.095195 0.249657 0.133318 0.036390
1 0.394613 0.450662 0.014951 0.021977
2 0.610364 0.225243 0.014951 0.021977
2 0.197973 0.805694 0.014951 0.021977
3 0.433270 0.079222 0.014222 0.021776
3 0.067236 0.332387 0.014222 0.021776
