0 0.424187 0.383481 0.316715 0.034662
0 0.205126 0.783551 0.297295 0.034662
0 0.471315 0.249026 0.380332 0.034662
0 0.675585 0.618484 0.040084 0.034662
0 0.648253 0.018500 0.299651 0.034662
1 0.649358 0.347710 0.114835 0.043328
1 0.815897 0.302843 0.072669 0.043328
1 0.601724 0.914551 0.312886 0.043328
1 0.514152 0.640085 0.011940 0.026167
2 0.530899 0.564671 0.011940 0.026167
2 0.831955 0.454209 0.011940 0.026167
3 0.531341 0.452276 0.011357 0.025927
3 0.764100 0.861532 0.011357 0.025927
