0 0.177550 0.265687 0.210994 0.042105
0 0.681714 0.304637 0.508057 0.042105
0 0.609120 0.733785 0.426249 0.042105
0 0.335086 0.209162 0.362738 0.042105
0 0.730271 0.254413 0.269041 0.042105
1 0.716465 0.035838 0.234774 0.052632
1 0.605449 0.876887 0.286874 0.052632
1 0.210319 0.067818 0.197713 0.052632
1 0.732779 0.540000 0.013361 0.031786
2 0.841868 0.911155 0.013361 0.031786
2 0.172888 0.920884 0.013361 0.031786
3 0.400834 0.649719 0.012709 0.031495
3 0.436358 0.683548 0.012709 0.031495
