0 0.230195 0.763712 0.018415 0.018315
0 0.845481 0.415888 0.007003 0.018315
0 0.705241 0.272532 0.366850 0.018315
0 0.687453 0.837139 0.365492 0.018315
0 0.258092 0.563255 0.251729 0.018315
1 0.661447 0.105080 0.350757 0.022894
1 0.469277 0.262775 0.019803 0.022894
1 0.548809 0.399347 0.160571 0.022894
1 0.549819 0.547751 0.010366 0.013826
2 0.543216 0.322266 0.010366 0.013826
2 0.018653 0.200017 0.010366 0.013826
3 0.819352 0.786746 0.009860 0.013700
3 0.332429 0.346269 0.009860 0.013700
