0 0.466199 0.205148 0.247385 0.018132
0 0.669158 0.510887 0.011805 0.018132
0 0.367837 0.318285 0.501099 0.018132
0 0.429936 0.777520 0.445218 0.018132
0 0.626398 0.653380 0.202209 0.018132
1 0.538797 0.558480 0.112867 0.022665
1 0.659809 0.164202 0.209414 0.022665
1 0.620826 0.111601 0.344881 0.022665
1 0.413123 0.183952 0.012563 0.013688
2 0.763419 0.681980 0.012563 0.013688
2 0.868062 0.843554 0.012563 0.013688
3 0.345316 0.429649 0.011950 0.013563
3 0.287455 0.396013 0.011950 0.013563
