0 0.660221 0.231507 0.212831 0.031898
0 0.517946 0.578211 0.607701 0.031898
0 0.468134 0.971823 0.277464 0.031898
0 0.673633 0.032636 0.651027 0.031898
0 0.643623 0.644176 0.193637 0.031898
1 0.075073 0.417604 0.052677 0.039872
1 0.461206 0.082834 0.605606 0.039872
1 0.159819 0.317228 0.152570 0.039872
1 0.301847 0.666584 0.017803 0.024080
2 0.058982 0.494869 0.017803 0.024080
2 0.529357 0.379373 0.017803 0.024080
3 0.581627 0.516236 0.016934 0.023860
3 0.852512 0.342545 0.016934 0.023860
