0 0.203347 0.131438 0.061152 0.029586
0 0.663002 0.510070 0.517875 0.029586
0 0.349502 0.655886 0.521062 0.029586
0 0.406127 0.708124 0.172776 0.029586
0 0.490766 0.962472 0.131044 0.029586
1 0.594451 0.446136 0.556009 0.036982
1 0.731090 0.752865 0.237731 0.036982
1 0.561958 0.241391 0.360215 0.036982
1 0.670636 0.359508 0.014147 0.022335
2 0.073157 0.523861 0.014147 0.022335
2 0.302439 0.842729 0.014147 0.022335
3 0.122763 0.546485 0.013456 0.022130
3 0.880558 0.297107 0.013456 0.022130
