0 0.832397 0.611742 0.217777 0.020640
0 0.298200 0.336056 0.532536 0.020640
0 0.225978 0.638264 0.300815 0.020640
0 0.316951 0.114639 0.273588 0.020640
0 0.780161 0.939409 0.142979 0.020640
1 0.738085 0.854721 0.406169 0.025800
1 0.410393 0.254753 0.508201 0.025800
1 0.696604 0.721501 0.520144 0.025800
1 0.047564 0.573387 0.013795 0.015581
2 0.758463 0.389712 0.013795 0.015581
2 0.446793 0.658682 0.013795 0.015581
3 0.573459 0.683847 0.013122 0.015439
3 0.718238 0.472614 0.013122 0.015439
