0 0.521789 0.289901 0.208031 0.019102
0 0.115698 0.270686 0.146635 0.019102
0 0.378381 0.669530 0.436478 0.019102
0 0.671489 0.771041 0.317133 0.019102
0 0.365103 0.453739 0.258210 0.019102
1 0.835617 0.558679 0.322155 0.023878
1 0.724243 0.718759 0.473082 0.023878
1 0.551779 0.094054 0.124478 0.023878
1 0.333183 0.939395 0.012128 0.014421
2 0.282019 0.944132 0.012128 0.014421
2 0.075631 0.888062 0.012128 0.014421
3 0.124881 0.988068 0.011536 0.014288
3 0.741170 0.198443 0.011536 0.014288
