0 0.733153 0.730917 0.396827 0.020305
0 0.648295 0.828110 0.243993 0.020305
0 0.693830 0.977480 0.225296 0.020305
0 0.518556 0.264197 0.588556 0.020305
0 0.586231 0.658073 0.422870 0.020305
1 0.930039 0.868202 0.041330 0.025381
1 0.389057 0.863210 0.518068 0.025381
1 0.575323 0.519293 0.261343 0.025381
1 0.899656 0.765203 0.016240 0.015328
2 0.970668 0.567046 0.016240 0.015328
2 0.244335 0.895999 0.016240 0.015328
3 0.637029 0.456745 0.015447 0.015188
3 0.362073 0.475839 0.015447 0.015188
