0 0.386419 0.472757 0.194624 0.016708
0 0.260566 0.835837 0.294273 0.016708
0 0.262669 0.790999 0.395585 0.016708
0 0.785902 0.308593 0.401933 0.016708
0 0.523530 0.113465 0.010316 0.016708
1 0.516103 0.928826 0.305074 0.020886
1 0.351364 0.755910 0.163365 0.020886
1 0.767042 0.763090 0.281994 0.020886
1 0.981510 0.226909 0.010508 0.012613
2 0.171620 0.908482 0.010508 0.012613
2 0.977139 0.182875 0.010508 0.012613
3 0.046342 0.153305 0.009995 0.012498
3 0.327202 0.332608 0.009995 0.012498
