0 0.746014 0.295858 0.353376 0.017007
0 0.288070 0.786886 0.390193 0.017007
0 0.266559 0.851225 0.091514 0.017007
0 0.650002 0.483044 0.190603 0.017007
0 0.495964 0.069007 0.382253 0.017007
1 0.355533 0.694731 0.059269 0.021259
1 0.069258 0.378755 0.040118 0.021259
1 0.804071 0.792301 0.371135 0.021259
1 0.071742 0.696378 0.010903 0.012839
2 0.907929 0.455778 0.010903 0.012839
2 0.452514 0.237850 0.010903 0.012839
3 0.527294 0.385394 0.010371 0.012721
3 0.472814 0.815397 0.010371 0.012721
