0 0.911904 0.114568 0.097727 0.048544
0 0.297018 0.182550 0.357977 0.048544
0 0.295037 0.476119 0.244291 0.048544
0 0.633271 0.471268 0.297214 0.048544
0 0.592974 0.839079 0.099711 0.048544
1 0.333490 0.041143 0.287140 0.060680
1 0.524646 0.114263 0.128657 0.060680
1 0.213747 0.316757 0.239372 0.060680
1 0.172917 0.886644 0.180022 0.060680
2 0.762267 0.058097 0.010535 0.036646
2 0.744173 0.153556 0.010535 0.036646
3 0.173181 0.415176 0.010021 0.036311
3 0.715575 0.927378 0.010021 0.036311
