0 0.789968 0.018384 0.349687 0.017007
0 0.376446 0.167242 0.041760 0.017007
0 0.807615 0.794274 0.366108 0.017007
0 0.437165 0.422015 0.257522 0.017007
0 0.459052 0.582189 0.204488 0.017007
1 0.634752 0.646138 0.138350 0.021259
1 0.217220 0.892131 0.381674 0.021259
1 0.236529 0.580718 0.194277 0.021259
1 0.462583 0.874577 0.010223 0.012839
2 0.233260 0.126213 0.010223 0.012839
2 0.616448 0.358765 0.010223 0.012839
3 0.182470 0.858292 0.009724 0.012721
3 0.341241 0.234061 0.009724 0.012721
