0 0.368788 0.260552 0.589863 0.031348
0 0.538370 0.728118 0.214670 0.031348
0 0.553681 0.182546 0.471939 0.031348
0 0.392844 0.328408 0.504677 0.031348
0 0.480343 0.561335 0.069366 0.031348
1 0.530673 0.447910 0.540645 0.039185
1 0.291652 0.815977 0.081324 0.039185
1 0.343711 0.396590 0.458088 0.039185
1 0.670942 0.300847 0.015581 0.023665
2 0.226747 0.489876 0.015581 0.023665
2 0.092089 0.554577 0.015581 0.023665
3 0.125491 0.869499 0.014821 0.023448
3 0.813293 0.369734 0.014821 0.023448
