0 0.477421 0.735431 0.168562 0.028902
0 0.691662 0.807298 0.019455 0.028902
0 0.549988 0.293903 0.549071 0.028902
0 0.404992 0.943222 0.225246 0.028902
0 0.424380 0.540482 0.421951 0.028902
1 0.289741 0.215847 0.517756 0.036127
1 0.674582 0.400246 0.389132 0.036127
1 0.343407 0.605747 0.504965 0.036127
1 0.786754 0.161411 0.018444 0.021818
2 0.702601 0.629654 0.018444 0.021818
2 0.095255 0.038431 0.018444 0.021818
3 0.456349 0.417418 0.017544 0.021618
3 0.454113 0.867469 0.017544 0.021618
