0 0.484394 0.684381 0.470469 0.027855
0 0.520406 0.102581 0.491878 0.027855
0 0.488611 0.151716 0.197510 0.027855
0 0.498628 0.779372 0.458534 0.027855
0 0.242505 0.016000 0.019042 0.027855
1 0.483455 0.907677 0.020548 0.034819
1 0.226413 0.343543 0.277405 0.034819
1 0.872704 0.874262 0.015650 0.034819
1 0.980053 0.903742 0.012391 0.021028
2 0.255860 0.300439 0.012391 0.021028
2 0.809350 0.522720 0.012391 0.021028
3 0.637278 0.286391 0.011787 0.020836
3 0.922128 0.900913 0.011787 0.020836
