0 0.081312 0.120944 0.023804 0.021482
0 0.650900 0.979933 0.204901 0.021482
0 0.256162 0.778670 0.242416 0.021482
0 0.183656 0.596156 0.156480 0.021482
0 0.186495 0.379766 0.325207 0.021482
1 0.663462 0.570533 0.168508 0.026853
1 0.795026 0.337649 0.151547 0.026853
1 0.412161 0.408368 0.278103 0.026853
1 0.024589 0.154362 0.010586 0.016217
2 0.799999 0.693252 0.010586 0.016217
2 0.089776 0.642170 0.010586 0.016217
3 0.806308 0.376951 0.010069 0.016069
3 0.044438 0.517262 0.010069 0.016069
