0 0.666389 0.332002 0.217138 0.020513
0 0.263711 0.808635 0.346186 0.020513
0 0.548081 0.516311 0.285715 0.020513
0 0.674722 0.196781 0.201200 0.020513
0 0.264810 0.230531 0.472811 0.020513
1 0.183709 0.030193 0.325077 0.025641
1 0.397307 0.124836 0.390829 0.025641
1 0.750971 0.968721 0.141913 0.025641
1 0.810559 0.202155 0.013579 0.015485
2 0.560954 0.372474 0.013579 0.015485
2 0.083167 0.676308 0.013579 0.015485
3 0.208310 0.440594 0.012916 0.015344
3 0.710658 0.681522 0.012916 0.015344
