0 0.844630 0.067364 0.140062 0.028490
0 0.390648 0.894504 0.348083 0.028490
0 0.579330 0.799324 0.016500 0.028490
0 0.468092 0.932840 0.386589 0.028490
0 0.376021 0.173559 0.201426 0.028490
1 0.601240 0.530089 0.418766 0.035613
1 0.396105 0.069511 0.218544 0.035613
1 0.725521 0.870284 0.202987 0.035613
1 0.299407 0.834518 0.010480 0.021508
2 0.855355 0.408652 0.010480 0.021508
2 0.720675 0.157445 0.010480 0.021508
3 0.549072 0.584514 0.009969 0.021311
3 0.982506 0.154695 0.009969 0.021311
