0 0.807396 0.110503 0.303503 0.027586
0 0.405729 0.059216 0.221085 0.027586
0 0.240587 0.946244 0.348552 0.027586
0 0.662216 0.483493 0.319721 0.027586
0 0.286265 0.528515 0.226740 0.027586
1 0.476445 0.277761 0.478506 0.034483
1 0.768565 0.633517 0.283847 0.034483
1 0.731919 0.705151 0.429358 0.034483
1 0.344553 0.113388 0.111448 0.034483
2 0.179763 0.241036 0.012804 0.020825
2 0.914689 0.577141 0.012804 0.020825
3 0.940282 0.411641 0.012179 0.020634
3 0.072411 0.117156 0.012179 0.020634
