0 0.685208 0.193186 0.308933 0.042194
0 0.471095 0.742668 0.331039 0.042194
0 0.651595 0.911620 0.528331 0.042194
0 0.174094 0.443864 0.070171 0.042194
0 0.832229 0.652153 0.242575 0.042194
1 0.592570 0.087670 0.642607 0.052743
1 0.428000 0.265707 0.628544 0.052743
1 0.370902 0.682288 0.506626 0.052743
1 0.106282 0.889567 0.016508 0.031853
2 0.723098 0.497869 0.016508 0.031853
2 0.403412 0.418351 0.016508 0.031853
3 0.786056 0.383593 0.015702 0.031561
3 0.624736 0.625043 0.015702 0.031561
