0 0.392124 0.544310 0.119141 0.037453
0 0.274458 0.967008 0.446865 0.037453
0 0.465533 0.039483 0.347671 0.037453
0 0.727968 0.702892 0.418672 0.037453
0 0.413313 0.272273 0.328879 0.037453
1 0.094605 0.420899 0.055648 0.046816
1 0.689218 0.643200 0.453342 0.046816
1 0.475084 0.880254 0.215246 0.046816
1 0.176765 0.752210 0.012461 0.028274
2 0.288842 0.585721 0.012461 0.028274
2 0.315774 0.712137 0.012461 0.028274
3 0.029478 0.413778 0.011853 0.028015
3 0.657664 0.839177 0.011853 0.028015
