0 0.487828 0.615233 0.310689 0.026702
0 0.509733 0.784639 0.714754 0.026702
0 0.642768 0.059143 0.541575 0.026702
0 0.832721 0.484801 0.171016 0.026702
0 0.706493 0.335017 0.243450 0.026702
1 0.579621 0.980105 0.444645 0.033378
1 0.425067 0.939050 0.060334 0.033378
1 0.404426 0.288103 0.342609 0.033378
1 0.819373 0.984885 0.019244 0.020158
2 0.306782 0.951818 0.019244 0.020158
2 0.801032 0.753459 0.019244 0.020158
3 0.393938 0.547159 0.018304 0.019973
3 0.940668 0.460081 0.018304 0.019973
