0 0.128216 0.061119 0.043081 0.053908
0 0.515720 0.409179 0.134966 0.053908
0 0.759095 0.078694 0.442529 0.053908
0 0.275506 0.954436 0.209358 0.053908
0 0.981605 0.239608 0.016500 0.053908
1 0.339768 0.696285 0.160088 0.067385
1 0.879986 0.656719 0.171853 0.067385
1 0.407790 0.159262 0.536489 0.067385
1 0.122327 0.397987 0.014634 0.040696
2 0.134278 0.497099 0.014634 0.040696
2 0.074020 0.089794 0.014634 0.040696
3 0.080552 0.436022 0.013919 0.040323
3 0.215917 0.778498 0.013919 0.040323
