0 0.182796 0.385693 0.304408 0.054645
0 0.698754 0.197026 0.439133 0.054645
0 0.426266 0.475256 0.239537 0.054645
0 0.344227 0.211364 0.119238 0.054645
0 0.669361 0.657925 0.376221 0.054645
1 0.540764 0.563118 0.282389 0.068306
1 0.508118 0.034430 0.396856 0.068306
1 0.343064 0.735856 0.503852 0.068306
1 0.776961 0.111479 0.061649 0.068306
2 0.778701 0.737750 0.013228 0.041252
2 0.763883 0.302478 0.013228 0.041252
3 0.857526 0.870736 0.012583 0.040874
3 0.402820 0.812746 0.012583 0.040874
