0 0.560289 0.271699 0.225778 0.020513
0 0.545817 0.230803 0.228850 0.020513
0 0.446491 0.328445 0.400922 0.020513
0 0.505949 0.907979 0.180636 0.020513
0 0.687842 0.940815 0.322511 0.020513
1 0.494664 0.301284 0.459722 0.025641
1 0.425759 0.465951 0.331588 0.025641
1 0.119495 0.896465 0.128413 0.025641
1 0.931638 0.307432 0.012040 0.015485
2 0.043412 0.746305 0.012040 0.015485
2 0.813450 0.813855 0.012040 0.015485
3 0.648457 0.846317 0.011453 0.015344
3 0.757524 0.431292 0.011453 0.015344
