0 0.472227 0.356931 0.749198 0.019841
0 0.932121 0.382124 0.010710 0.019841
0 0.277826 0.980448 0.401552 0.019841
0 0.644262 0.497904 0.042424 0.019841
0 0.588101 0.541337 0.158798 0.019841
1 0.448386 0.788952 0.743231 0.024802
1 0.481663 0.056713 0.491881 0.024802
1 0.307820 0.266167 0.543038 0.024802
1 0.164320 0.846409 0.019060 0.014979
2 0.663787 0.258747 0.019060 0.014979
2 0.285723 0.306327 0.019060 0.014979
3 0.110429 0.464461 0.018130 0.014841
3 0.461571 0.167913 0.018130 0.014841
