0 0.488073 0.178381 0.328660 0.020747
0 0.745723 0.773988 0.256641 0.020747
0 0.547075 0.375376 0.497393 0.020747
0 0.597401 0.692681 0.024378 0.020747
0 0.395405 0.509868 0.148134 0.020747
1 0.724327 0.619800 0.545492 0.025934
1 0.347105 0.753259 0.088975 0.025934
1 0.516176 0.116958 0.222069 0.025934
1 0.264781 0.841719 0.015318 0.015662
2 0.328637 0.296729 0.015318 0.015662
2 0.876761 0.463706 0.015318 0.015662
3 0.219236 0.414185 0.014571 0.015519
3 0.227458 0.683650 0.014571 0.015519
