0 0.550599 0.909297 0.061111 0.031949
0 0.448912 0.791992 0.320427 0.031949
0 0.604583 0.978056 0.432637 0.031949
0 0.613723 0.173092 0.475047 0.031949
0 0.691532 0.685123 0.401446 0.031949
1 0.600731 0.613042 0.201578 0.039936
1 0.776422 0.400708 0.173603 0.039936
1 0.138933 0.906247 0.077462 0.039936
1 0.952283 0.319051 0.016280 0.024119
2 0.337089 0.321961 0.016280 0.024119
2 0.898305 0.331485 0.016280 0.024119
3 0.017795 0.837927 0.015485 0.023898
3 0.249186 0.397858 0.015485 0.023898
