0 0.642781 0.190687 0.508218 0.048193
0 0.093308 0.737715 0.035543 0.048193
0 0.418514 0.577309 0.671863 0.048193
0 0.486208 0.667451 0.033730 0.048193
0 0.476323 0.508235 0.759488 0.048193
1 0.324822 0.700325 0.055842 0.060241
1 0.834090 0.618940 0.106721 0.060241
1 0.778582 0.270543 0.381707 0.060241
1 0.930383 0.907987 0.019356 0.036382
2 0.293829 0.799651 0.019356 0.036382
2 0.129297 0.127666 0.019356 0.036382
3 0.852050 0.747081 0.018411 0.036048
3 0.702473 0.104057 0.018411 0.036048
