0 0.684785 0.385023 0.251306 0.018587
0 0.701143 0.289888 0.200478 0.018587
0 0.600647 0.105311 0.285384 0.018587
0 0.809800 0.979103 0.160605 0.018587
0 0.627058 0.582937 0.035234 0.018587
1 0.463098 0.206658 0.331212 0.023234
1 0.274519 0.735762 0.285131 0.023234
1 0.675985 0.483060 0.179060 0.023234
1 0.593052 0.559455 0.013644 0.014032
2 0.601011 0.657667 0.013644 0.014032
2 0.523050 0.987522 0.013644 0.014032
3 0.471596 0.651138 0.012978 0.013903
3 0.563727 0.433911 0.012978 0.013903
