0 0.503656 0.110343 0.122657 0.024969
0 0.175302 0.342316 0.288638 0.024969
0 0.317120 0.230369 0.514711 0.024969
0 0.482650 0.458156 0.348572 0.024969
0 0.476323 0.866214 0.533662 0.024969
1 0.428810 0.730807 0.295386 0.031211
1 0.416855 0.186733 0.407606 0.031211
1 0.739981 0.635620 0.283682 0.031211
1 0.249237 0.718711 0.013370 0.018849
2 0.780500 0.712222 0.013370 0.018849
2 0.842832 0.368738 0.013370 0.018849
3 0.766780 0.067344 0.012718 0.018677
3 0.511011 0.267577 0.012718 0.018677
