0 0.634517 0.422867 0.096879 0.049140
0 0.295419 0.383363 0.057783 0.049140
0 0.339235 0.688790 0.500073 0.049140
0 0.206197 0.619287 0.044427 0.049140
0 0.573515 0.584620 0.513324 0.049140
1 0.285999 0.961254 0.152235 0.061425
1 0.477947 0.078090 0.257465 0.061425
1 0.761196 0.964898 0.194479 0.061425
1 0.379490 0.381362 0.014370 0.037097
2 0.392755 0.778242 0.014370 0.037097
2 0.921175 0.397323 0.014370 0.037097
3 0.797852 0.112812 0.013669 0.036757
3 0.147665 0.359211 0.013669 0.036757
