0 0.858626 0.294815 0.097171 0.028653
0 0.604171 0.453706 0.073550 0.028653
0 0.397986 0.341338 0.200363 0.028653
0 0.445707 0.511229 0.376253 0.028653
0 0.649920 0.747669 0.236213 0.028653
1 0.341289 0.033771 0.209173 0.035817
1 0.238948 0.194941 0.380108 0.035817
1 0.776993 0.897959 0.219501 0.035817
1 0.659883 0.339588 0.011716 0.021631
2 0.358202 0.070014 0.011716 0.021631
2 0.669516 0.143667 0.011716 0.021631
3 0.798141 0.525350 0.011144 0.021433
3 0.958069 0.697690 0.011144 0.021433
