0 0.613897 0.685945 0.040415 0.024420
0 0.597629 0.601798 0.357685 0.024420
0 0.591283 0.873293 0.326908 0.024420
0 0.319012 0.268778 0.492987 0.024420
0 0.379427 0.176012 0.297980 0.024420
1 0.643038 0.394715 0.542247 0.030525
1 0.426394 0.056107 0.534672 0.030525
1 0.399033 0.772664 0.086338 0.030525
1 0.192200 0.640757 0.014548 0.018435
2 0.447461 0.341118 0.014548 0.018435
2 0.256098 0.627693 0.014548 0.018435
3 0.376089 0.340277 0.013838 0.018266
3 0.542317 0.492615 0.013838 0.018266
