0 0.173007 0.192780 0.081558 0.018921
0 0.561852 0.712463 0.451927 0.018921
0 0.822243 0.167850 0.129088 0.018921
0 0.374709 0.667568 0.519823 0.018921
0 0.625484 0.795524 0.119212 0.018921
1 0.136329 0.763207 0.074496 0.023652
1 0.736398 0.463620 0.325249 0.023652
1 0.530577 0.409733 0.521594 0.023652
1 0.327080 0.475293 0.013308 0.014284
2 0.391717 0.184538 0.013308 0.014284
2 0.390532 0.487923 0.013308 0.014284
3 0.156172 0.410837 0.012658 0.014153
3 0.976933 0.711956 0.012658 0.014153
