0 0.604353 0.777132 0.075433 0.035971
0 0.738992 0.825593 0.350206 0.035971
0 0.417313 0.944358 0.152737 0.035971
0 0.393069 0.718352 0.017934 0.035971
0 0.415863 0.412140 0.640463 0.035971
1 0.877894 0.357179 0.061533 0.044964
1 0.561754 0.032618 0.519238 0.044964
1 0.503174 0.176429 0.339541 0.044964
1 0.718800 0.372286 0.016096 0.027155
2 0.388311 0.526877 0.016096 0.027155
2 0.127194 0.830391 0.016096 0.027155
3 0.179660 0.514404 0.015310 0.026906
3 0.604408 0.674798 0.015310 0.026906
