0 0.606305 0.614439 0.052889 0.016038
0 0.169964 0.911090 0.017062 0.016038
0 0.715047 0.563807 0.160211 0.016038
0 0.150130 0.802768 0.136116 0.016038
0 0.574470 0.372320 0.451449 0.016038
1 0.235042 0.187055 0.027796 0.020048
1 0.757133 0.343300 0.267299 0.020048
1 0.279007 0.482476 0.413064 0.020048
1 0.551525 0.524897 0.012150 0.012108
2 0.034066 0.117246 0.012150 0.012108
2 0.521079 0.038970 0.012150 0.012108
3 0.959808 0.173526 0.011557 0.011997
3 0.293155 0.818387 0.011557 0.011997
