0 0.671610 0.448721 0.549328 0.021186
0 0.524309 0.326023 0.118323 0.021186
0 0.477041 0.833608 0.231746 0.021186
0 0.074609 0.318456 0.018919 0.021186
0 0.474233 0.908419 0.380957 0.021186
1 0.490031 0.777804 0.332662 0.026483
1 0.646603 0.387938 0.407755 0.026483
1 0.763646 0.138174 0.352475 0.026483
1 0.243583 0.097317 0.014288 0.015994
2 0.690903 0.500781 0.014288 0.015994
2 0.651651 0.168931 0.014288 0.015994
3 0.398622 0.529354 0.013591 0.015847
3 0.798348 0.746259 0.013591 0.015847
