0 0.854746 0.468068 0.212382 0.023337
0 0.211738 0.564192 0.128083 0.023337
0 0.519750 0.060053 0.490489 0.023337
0 0.719667 0.596695 0.322110 0.023337
0 0.660173 0.829950 0.546345 0.023337
1 0.792649 0.713795 0.064964 0.029172
1 0.310060 0.786075 0.593553 0.029172
1 0.594099 0.434981 0.563728 0.029172
1 0.677342 0.672390 0.015581 0.017618
2 0.035779 0.335756 0.015581 0.017618
2 0.208841 0.116841 0.015581 0.017618
3 0.439361 0.973263 0.014821 0.017456
3 0.309225 0.023844 0.014821 0.017456
