0 0.623184 0.373810 0.528491 0.016750
0 0.219800 0.627733 0.082146 0.016750
0 0.461911 0.187365 0.436330 0.016750
0 0.243602 0.776900 0.102478 0.016750
0 0.841970 0.062218 0.107269 0.016750
1 0.581748 0.222637 0.134939 0.020938
1 0.514669 0.589618 0.489344 0.020938
1 0.374277 0.734278 0.250830 0.020938
1 0.262570 0.857121 0.015133 0.012645
2 0.771471 0.830541 0.015133 0.012645
2 0.638524 0.458999 0.015133 0.012645
3 0.914647 0.382334 0.014394 0.012529
3 0.857496 0.033512 0.014394 0.012529
