0 0.165751 0.975910 0.114269 0.024038
0 0.114880 0.890159 0.119101 0.024038
0 0.659702 0.551663 0.377158 0.024038
0 0.348126 0.372441 0.074667 0.024038
0 0.539342 0.885837 0.327567 0.024038
1 0.214412 0.437338 0.197221 0.030048
1 0.283353 0.930873 0.381335 0.030048
1 0.823776 0.225842 0.117490 0.030048
1 0.646171 0.423677 0.010238 0.018147
2 0.567503 0.673062 0.010238 0.018147
2 0.842276 0.857595 0.010238 0.018147
3 0.466044 0.193590 0.009739 0.017981
3 0.317932 0.216678 0.009739 0.017981
