0 0.415349 0.228054 0.613379 0.023202
0 0.476907 0.271210 0.094655 0.023202
0 0.236481 0.644358 0.130473 0.023202
0 0.610497 0.708226 0.335760 0.023202
0 0.801316 0.440842 0.375721 0.023202
1 0.771278 0.600320 0.334994 0.029002
1 0.695906 0.345950 0.395446 0.029002
1 0.234866 0.399010 0.286286 0.029002
1 0.237343 0.163248 0.015330 0.017515
2 0.082230 0.624815 0.015330 0.017515
2 0.347161 0.531120 0.015330 0.017515
3 0.967691 0.554633 0.014582 0.017355
3 0.039709 0.324977 0.014582 0.017355
