0 0.530697 0.194190 0.192754 0.033956
0 0.416376 0.945155 0.251900 0.033956
0 0.682209 0.583102 0.225455 0.033956
0 0.822430 0.756032 0.299968 0.033956
0 0.439167 0.872247 0.140944 0.033956
1 0.652549 0.371761 0.294372 0.042445
1 0.333324 0.162679 0.078809 0.042445
1 0.523191 0.521350 0.234528 0.042445
1 0.972807 0.314034 0.012255 0.025634
2 0.648221 0.853979 0.012255 0.025634
2 0.483360 0.608539 0.012255 0.025634
3 0.426447 0.081866 0.011656 0.025399
3 0.229913 0.541101 0.011656 0.025399
