0 0.774643 0.040077 0.226979 0.023557
0 0.230094 0.953313 0.324625 0.023557
0 0.668071 0.723576 0.447379 0.023557
0 0.671321 0.571591 0.423001 0.023557
0 0.255389 0.273358 0.157319 0.023557
1 0.273109 0.078591 0.313174 0.029446
1 0.287427 0.880690 0.482365 0.029446
1 0.439946 0.281861 0.074704 0.029446
1 0.340940 0.577810 0.014591 0.017784
2 0.944338 0.860946 0.014591 0.017784
2 0.214578 0.759637 0.014591 0.017784
3 0.306588 0.687024 0.013879 0.017621
3 0.275456 0.498621 0.013879 0.017621
