0 0.735689 0.605941 0.381845 0.016273
0 0.634053 0.011677 0.071496 0.016273
0 0.930736 0.876627 0.090537 0.016273
0 0.381220 0.671788 0.315120 0.016273
0 0.583720 0.289085 0.569650 0.016273
1 0.415201 0.493166 0.471598 0.020342
1 0.588516 0.954740 0.553249 0.020342
1 0.629683 0.553445 0.547426 0.020342
1 0.348184 0.757654 0.016240 0.012285
2 0.117305 0.706813 0.016240 0.012285
2 0.778571 0.656223 0.016240 0.012285
3 0.846991 0.744233 0.015447 0.012172
3 0.684458 0.791660 0.015447 0.012172
