0 0.520972 0.839771 0.714789 0.018957
0 0.359982 0.453502 0.300503 0.018957
0 0.524259 0.246561 0.619569 0.018957
0 0.542112 0.954170 0.419208 0.018957
0 0.561667 0.502556 0.083556 0.018957
1 0.296151 0.333335 0.499472 0.023697
1 0.549571 0.279015 0.620733 0.023697
1 0.766712 0.927385 0.403546 0.023697
1 0.262717 0.154972 0.018564 0.014311
2 0.699867 0.975484 0.018564 0.014311
2 0.312670 0.601418 0.018564 0.014311
3 0.027708 0.970434 0.017658 0.014180
3 0.471921 0.686764 0.017658 0.014180
