0 0.395653 0.147007 0.091111 0.030912
0 0.750115 0.789625 0.405059 0.030912
0 0.656472 0.885156 0.418925 0.030912
0 0.644034 0.509809 0.372825 0.030912
0 0.431614 0.623938 0.035705 0.030912
1 0.247850 0.468649 0.315338 0.038640
1 0.413233 0.935390 0.261228 0.038640
1 0.474714 0.254108 0.271041 0.038640
1 0.930102 0.688501 0.011375 0.023336
2 0.359123 0.506833 0.011375 0.023336
2 0.102515 0.563628 0.011375 0.023336
3 0.834836 0.585854 0.010820 0.023122
3 0.959732 0.899959 0.010820 0.023122
