0 0.292153 0.235552 0.419619 0.025000
0 0.432915 0.286321 0.078110 0.025000
0 0.592995 0.204364 0.562081 0.025000
0 0.602212 0.609050 0.381619 0.025000
0 0.449977 0.805606 0.310161 0.025000
1 0.258904 0.359544 0.173478 0.031250
1 0.384467 0.504870 0.187831 0.031250
1 0.360247 0.121135 0.436203 0.031250
1 0.215278 0.676262 0.014774 0.018873
2 0.809310 0.839532 0.014774 0.018873
2 0.087591 0.436567 0.014774 0.018873
3 0.990350 0.230571 0.014053 0.018700
3 0.280854 0.428635 0.014053 0.018700
