0 0.608638 0.897721 0.097855 0.018832
0 0.867241 0.661693 0.104243 0.018832
0 0.498547 0.288337 0.164927 0.018832
0 0.389886 0.708222 0.140568 0.018832
0 0.337901 0.599750 0.297836 0.018832
1 0.697259 0.855747 0.433837 0.023540
1 0.410375 0.319292 0.172607 0.023540
1 0.708612 0.355362 0.036806 0.023540
1 0.524197 0.128831 0.013804 0.014217
2 0.711912 0.495160 0.013804 0.014217
2 0.675067 0.171543 0.013804 0.014217
3 0.970068 0.198876 0.013131 0.014087
3 0.522590 0.967651 0.013131 0.014087
