0 0.221097 0.657775 0.250024 0.021954
0 0.586559 0.569772 0.274318 0.021954
0 0.379893 0.013853 0.501899 0.021954
0 0.527910 0.451898 0.522069 0.021954
0 0.830506 0.760206 0.328999 0.021954
1 0.495955 0.875097 0.519060 0.027442
1 0.479713 0.823656 0.376582 0.027442
1 0.106761 0.228585 0.175025 0.027442
1 0.919561 0.626195 0.015064 0.016573
2 0.123000 0.305725 0.015064 0.016573
2 0.452304 0.135180 0.015064 0.016573
3 0.025561 0.705635 0.014329 0.016422
3 0.213322 0.767137 0.014329 0.016422
