0 0.475392 0.459207 0.324235 0.015974
0 0.218655 0.948381 0.164723 0.015974
0 0.213673 0.325118 0.137526 0.015974
0 0.876631 0.372488 0.106514 0.015974
0 0.318190 0.177596 0.194081 0.015974
1 0.320652 0.291285 0.277735 0.019968
1 0.864180 0.882414 0.164102 0.019968
1 0.373005 0.372634 0.429718 0.019968
1 0.682269 0.462908 0.012523 0.012059
2 0.643491 0.385225 0.012523 0.012059
2 0.636141 0.436985 0.012523 0.012059
3 0.622247 0.071183 0.011912 0.011949
3 0.917431 0.458865 0.011912 0.011949
