0 0.447413 0.302780 0.005545 0.024570
0 0.790272 0.164149 0.210809 0.024570
0 0.417028 0.850775 0.247760 0.024570
0 0.723269 0.512791 0.333745 0.024570
0 0.467203 0.048329 0.349609 0.024570
1 0.541321 0.947739 0.231123 0.030713
1 0.103750 0.688592 0.080659 0.030713
1 0.778145 0.673752 0.353269 0.030713
1 0.867389 0.378729 0.010254 0.018548
2 0.809502 0.059268 0.010254 0.018548
2 0.592302 0.263401 0.010254 0.018548
3 0.862942 0.118116 0.009754 0.018378
3 0.611221 0.791962 0.009754 0.018378
