0 0.652680 0.557139 0.288112 0.026810
0 0.204723 0.365963 0.244840 0.026810
0 0.644430 0.052709 0.035928 0.026810
0 0.763308 0.380417 0.246500 0.026810
0 0.432787 0.876699 0.289309 0.026810
1 0.228889 0.126947 0.254451 0.033512
1 0.304295 0.195456 0.024692 0.033512
1 0.625214 0.471821 0.491971 0.033512
1 0.509922 0.212556 0.013978 0.020239
2 0.948488 0.534759 0.013978 0.020239
2 0.373413 0.215465 0.013978 0.020239
3 0.072442 0.600279 0.013296 0.020054
3 0.279433 0.299862 0.013296 0.020054
