0 0.719447 0.854958 0.132284 0.017889
0 0.376686 0.795513 0.080912 0.017889
0 0.468003 0.306571 0.651038 0.017889
0 0.330407 0.059358 0.319002 0.017889
0 0.401424 0.561701 0.306390 0.017889
1 0.582502 0.352298 0.357829 0.022361
1 0.691513 0.934842 0.306871 0.022361
1 0.417185 0.499188 0.712390 0.022361
1 0.414081 0.459309 0.018077 0.013505
2 0.677995 0.123096 0.018077 0.013505
2 0.617937 0.662789 0.018077 0.013505
3 0.735046 0.712529 0.017195 0.013381
3 0.638406 0.120396 0.017195 0.013381
