0 0.771954 0.301337 0.309992 0.024361
0 0.322762 0.587297 0.199410 0.024361
0 0.195058 0.369858 0.042401 0.024361
0 0.646087 0.345691 0.257447 0.024361
0 0.631443 0.920976 0.192562 0.024361
1 0.388225 0.972701 0.328971 0.030451
1 0.246628 0.937639 0.412752 0.030451
1 0.284846 0.698850 0.400330 0.030451
1 0.225727 0.763154 0.011097 0.018390
2 0.086782 0.468860 0.011097 0.018390
2 0.083759 0.623698 0.011097 0.018390
3 0.205063 0.169203 0.010556 0.018222
3 0.491803 0.484159 0.010556 0.018222
