0 0.348904 0.107971 0.276302 0.034843
0 0.300647 0.704477 0.440109 0.034843
0 0.264921 0.960516 0.173085 0.034843
0 0.614577 0.275652 0.300434 0.034843
0 0.476954 0.506044 0.316099 0.034843
1 0.183579 0.597814 0.291186 0.043554
1 0.612382 0.821125 0.440194 0.043554
1 0.758993 0.620485 0.189434 0.043554
1 0.577578 0.631159 0.013469 0.026304
2 0.454892 0.338124 0.013469 0.026304
2 0.009551 0.957237 0.013469 0.026304
3 0.372842 0.602348 0.012812 0.026063
3 0.137531 0.547776 0.012812 0.026063
