0 0.601704 0.163412 0.010391 0.031746
0 0.834964 0.602817 0.201993 0.031746
0 0.342865 0.711897 0.081027 0.031746
0 0.191048 0.279481 0.194600 0.031746
0 0.483618 0.798485 0.507737 0.031746
1 0.454988 0.880942 0.368548 0.039683
1 0.801286 0.213666 0.361428 0.039683
1 0.296730 0.508899 0.434477 0.039683
1 0.244850 0.974867 0.014974 0.023966
2 0.580601 0.710729 0.014974 0.023966
2 0.787795 0.859098 0.014974 0.023966
3 0.197624 0.938153 0.014243 0.023746
3 0.218689 0.618866 0.014243 0.023746
