0 0.770054 0.957579 0.298327 0.046404
0 0.737527 0.593557 0.513748 0.046404
0 0.435633 0.680798 0.370320 0.046404
0 0.300449 0.076471 0.118213 0.046404
0 0.327053 0.386945 0.465867 0.046404
1 0.695520 0.458836 0.038812 0.058005
1 0.789290 0.306938 0.400594 0.058005
1 0.420066 0.467003 0.111679 0.058005
1 0.124237 0.880121 0.015679 0.035031
2 0.812959 0.112264 0.015679 0.035031
2 0.140998 0.747719 0.015679 0.035031
3 0.111673 0.200652 0.014914 0.034710
3 0.817280 0.241893 0.014914 0.034710
