0 0.820708 0.403204 0.038715 0.023095
0 0.646819 0.897312 0.185630 0.023095
0 0.567004 0.757586 0.078609 0.023095
0 0.720093 0.868089 0.347886 0.023095
0 0.546928 0.354509 0.280230 0.023095
1 0.540445 0.708752 0.529352 0.028868
1 0.578979 0.466124 0.572886 0.028868
1 0.486765 0.278019 0.223243 0.028868
1 0.458379 0.948525 0.018721 0.017435
2 0.960837 0.106765 0.018721 0.017435
2 0.192711 0.811368 0.018721 0.017435
3 0.156527 0.313694 0.017807 0.017275
3 0.909551 0.066695 0.017807 0.017275
