0 0.501302 0.889489 0.462750 0.033613
0 0.834909 0.121357 0.136485 0.033613
0 0.705794 0.951937 0.443401 0.033613
0 0.502981 0.326637 0.609424 0.033613
0 0.424410 0.739676 0.645250 0.033613
1 0.107746 0.844720 0.159300 0.042017
1 0.789207 0.062119 0.355791 0.042017
1 0.332968 0.272887 0.310610 0.042017
1 0.384002 0.656500 0.016632 0.025375
2 0.940335 0.122647 0.016632 0.025375
2 0.577742 0.787750 0.016632 0.025375
3 0.500987 0.446078 0.015820 0.025143
3 0.533865 0.450537 0.015820 0.025143
