0 0.355846 0.712752 0.194979 0.017683
0 0.372445 0.011717 0.235556 0.017683
0 0.839017 0.054280 0.295926 0.017683
0 0.390102 0.115627 0.103633 0.017683
0 0.709949 0.295311 0.405514 0.017683
1 0.423177 0.260060 0.359673 0.022104
1 0.922521 0.846691 0.017905 0.022104
1 0.756812 0.849311 0.173727 0.022104
1 0.031119 0.547471 0.011337 0.013350
2 0.122555 0.777823 0.011337 0.013350
2 0.285059 0.654736 0.011337 0.013350
3 0.946463 0.491131 0.010783 0.013227
3 0.895748 0.831917 0.010783 0.013227
