0 0.261437 0.984601 0.325883 0.017637
0 0.520152 0.287280 0.520262 0.017637
0 0.875344 0.382216 0.033896 0.017637
0 0.425663 0.516979 0.509324 0.017637
0 0.175664 0.347013 0.152745 0.017637
1 0.471774 0.465736 0.309590 0.022046
1 0.889472 0.512428 0.203055 0.022046
1 0.405580 0.029026 0.591445 0.022046
1 0.861028 0.586994 0.016591 0.013314
2 0.349034 0.072858 0.016591 0.013314
2 0.813597 0.228478 0.016591 0.013314
3 0.945342 0.475480 0.015781 0.013192
3 0.534182 0.335603 0.015781 0.013192
