0 0.229152 0.671202 0.276080 0.023364
0 0.521196 0.333003 0.312043 0.023364
0 0.437962 0.731967 0.315098 0.023364
0 0.316426 0.919226 0.242168 0.023364
0 0.709270 0.374873 0.463600 0.023364
1 0.555386 0.535782 0.354087 0.029206
1 0.413230 0.073674 0.170829 0.029206
1 0.279816 0.615624 0.476098 0.029206
1 0.807258 0.555340 0.013334 0.017638
2 0.965911 0.418129 0.013334 0.017638
2 0.692198 0.226090 0.013334 0.017638
3 0.719071 0.473741 0.012684 0.017477
3 0.283614 0.092739 0.012684 0.017477
