0 0.526504 0.265956 0.520595 0.024155
0 0.393384 0.973091 0.326012 0.024155
0 0.543885 0.523263 0.673876 0.024155
0 0.859515 0.612795 0.142393 0.024155
0 0.925532 0.282191 0.129745 0.024155
1 0.213628 0.928709 0.144937 0.030193
1 0.340620 0.107911 0.506974 0.030193
1 0.150290 0.817483 0.140939 0.030193
1 0.468881 0.874822 0.017354 0.018235
2 0.978904 0.046235 0.017354 0.018235
2 0.517948 0.633473 0.017354 0.018235
3 0.925661 0.138986 0.016507 0.018068
3 0.676169 0.352915 0.016507 0.018068
