0 0.387624 0.537943 0.008490 0.032258
0 0.883155 0.669188 0.177535 0.032258
0 0.647485 0.094986 0.131631 0.032258
0 0.618235 0.574135 0.131953 0.032258
0 0.778522 0.148335 0.175463 0.032258
1 0.504967 0.386592 0.202332 0.040323
1 0.451875 0.790306 0.098902 0.040323
1 0.292705 0.779872 0.080693 0.040323
1 0.087564 0.386497 0.010574 0.024352
2 0.546605 0.297268 0.010574 0.024352
2 0.743465 0.955952 0.010574 0.024352
3 0.300811 0.717295 0.010058 0.024129
3 0.147050 0.317873 0.010058 0.024129
