0 0.763405 0.562138 0.403812 0.048900
0 0.756318 0.364954 0.247311 0.048900
0 0.327655 0.182714 0.283324 0.048900
0 0.490257 0.636577 0.218338 0.048900
0 0.763612 0.035240 0.260709 0.048900
1 0.172091 0.823911 0.102696 0.061125
1 0.071610 0.661188 0.032015 0.061125
1 0.515586 0.726723 0.100152 0.061125
1 0.352010 0.353593 0.011627 0.036915
2 0.668520 0.950997 0.011627 0.036915
2 0.169356 0.723483 0.011627 0.036915
3 0.870563 0.104833 0.011059 0.036577
3 0.170259 0.278164 0.011059 0.036577
