0 0.796393 0.962181 0.367245 0.027663
0 0.392496 0.219052 0.217257 0.027663
0 0.561870 0.601460 0.124250 0.027663
0 0.258389 0.730301 0.285245 0.027663
0 0.286332 0.106673 0.132047 0.027663
1 0.534516 0.124095 0.166765 0.034578
1 0.757356 0.278858 0.338330 0.034578
1 0.553058 0.334103 0.346396 0.034578
1 0.529499 0.423664 0.010774 0.020883
2 0.067655 0.110499 0.010774 0.020883
2 0.278877 0.649705 0.010774 0.020883
3 0.581470 0.521755 0.010248 0.020692
3 0.375562 0.098458 0.010248 0.020692
