0 0.211380 0.180183 0.217477 0.016103
0 0.160870 0.714513 0.134589 0.016103
0 0.275071 0.775748 0.045342 0.016103
0 0.572311 0.668370 0.047113 0.016103
0 0.671268 0.716113 0.243268 0.016103
1 0.834452 0.882780 0.119997 0.020129
1 0.681433 0.742685 0.215484 0.020129
1 0.166795 0.237706 0.288246 0.020129
1 0.257618 0.070059 0.011647 0.012156
2 0.940600 0.843239 0.011647 0.012156
2 0.134666 0.398408 0.011647 0.012156
3 0.950088 0.655801 0.011079 0.012045
3 0.521237 0.486898 0.011079 0.012045
