0 0.326592 0.210818 0.423363 0.027739
0 0.531840 0.717832 0.463400 0.027739
0 0.408924 0.568017 0.548754 0.027739
0 0.173291 0.329824 0.018581 0.027739
0 0.380529 0.044883 0.615912 0.027739
1 0.399515 0.120230 0.554775 0.034674
1 0.619311 0.388578 0.368122 0.034674
1 0.570634 0.519549 0.495730 0.034674
1 0.171860 0.383702 0.016006 0.020941
2 0.064018 0.364904 0.016006 0.020941
2 0.813003 0.586270 0.016006 0.020941
3 0.562207 0.340568 0.015224 0.020749
3 0.883207 0.242017 0.015224 0.020749
