0 0.869588 0.248623 0.010809 0.037879
0 0.944431 0.173634 0.084181 0.037879
0 0.732429 0.065927 0.400077 0.037879
0 0.506102 0.366249 0.348098 0.037879
0 0.883994 0.875707 0.011559 0.037879
1 0.923435 0.414352 0.076803 0.047348
1 0.081844 0.192713 0.118894 0.047348
1 0.413669 0.198213 0.347210 0.047348
1 0.115099 0.476680 0.010838 0.028595
2 0.343090 0.891448 0.010838 0.028595
2 0.843460 0.644061 0.010838 0.028595
3 0.501196 0.831420 0.010309 0.028333
3 0.185050 0.583693 0.010309 0.028333
