0 0.621061 0.688338 0.401090 0.016667
0 0.896961 0.034084 0.202644 0.016667
0 0.481444 0.056128 0.426102 0.016667
0 0.680055 0.568845 0.416210 0.016667
0 0.595099 0.892685 0.624906 0.016667
1 0.591576 0.287267 0.183094 0.020833
1 0.814252 0.360006 0.076512 0.020833
1 0.555397 0.850311 0.554611 0.020833
1 0.080739 0.406638 0.015679 0.012582
2 0.789830 0.775195 0.015679 0.012582
2 0.125807 0.961163 0.015679 0.012582
3 0.031303 0.652210 0.014914 0.012467
3 0.473543 0.116514 0.014914 0.012467
