0 0.516673 0.611615 0.232801 0.037594
0 0.656884 0.729546 0.131723 0.037594
0 0.262981 0.855823 0.167447 0.037594
0 0.827420 0.280699 0.028457 0.037594
0 0.624177 0.223693 0.499805 0.037594
1 0.531615 0.094114 0.587537 0.046992
1 0.335711 0.475802 0.418471 0.046992
1 0.694819 0.860609 0.603971 0.046992
1 0.266857 0.929375 0.019225 0.028380
2 0.926452 0.985232 0.019225 0.028380
2 0.234566 0.627435 0.019225 0.028380
3 0.270815 0.429778 0.018287 0.028120
3 0.849702 0.112990 0.018287 0.028120
