0 0.258911 0.147645 0.286204 0.032841
0 0.392194 0.277479 0.329530 0.032841
0 0.491054 0.531315 0.365384 0.032841
0 0.649921 0.070489 0.213771 0.032841
0 0.286097 0.720929 0.388612 0.032841
1 0.570968 0.771224 0.151070 0.041051
1 0.630869 0.415882 0.318897 0.041051
1 0.844245 0.592959 0.249420 0.041051
1 0.339234 0.214066 0.010124 0.024792
2 0.261825 0.877524 0.010124 0.024792
2 0.382802 0.184289 0.010124 0.024792
3 0.194171 0.682760 0.009630 0.024565
3 0.125258 0.410585 0.009630 0.024565
