0 0.455232 0.127150 0.544554 0.020492
0 0.326138 0.958843 0.009660 0.020492
0 0.375829 0.664983 0.288531 0.020492
0 0.803703 0.266784 0.243941 0.020492
0 0.782431 0.476290 0.383275 0.020492
1 0.690505 0.386597 0.458978 0.025615
1 0.622023 0.783847 0.529225 0.025615
1 0.060398 0.658093 0.088676 0.025615
1 0.090155 0.177239 0.014008 0.015470
2 0.085011 0.927730 0.014008 0.015470
2 0.817613 0.318569 0.014008 0.015470
3 0.866732 0.439008 0.013324 0.015328
3 0.395898 0.865191 0.013324 0.015328
