0 0.188095 0.874987 0.311316 0.016367
0 0.561643 0.442360 0.356037 0.016367
0 0.279660 0.814770 0.424638 0.016367
0 0.830709 0.850596 0.147928 0.016367
0 0.746966 0.920755 0.352812 0.016367
1 0.397849 0.956735 0.083740 0.020458
1 0.724166 0.113389 0.213229 0.020458
1 0.429798 0.643541 0.025405 0.020458
1 0.652055 0.653671 0.012391 0.012355
2 0.895549 0.035930 0.012391 0.012355
2 0.264117 0.632815 0.012391 0.012355
3 0.928977 0.097972 0.011787 0.012242
3 0.805173 0.944984 0.011787 0.012242
