0 0.578159 0.670007 0.755008 0.054201
0 0.377473 0.898767 0.264247 0.054201
0 0.369590 0.549894 0.491686 0.054201
0 0.674893 0.048880 0.163483 0.054201
0 0.771599 0.340345 0.162817 0.054201
1 0.539841 0.436188 0.594386 0.067751
1 0.572912 0.193527 0.596347 0.067751
1 0.478161 0.811108 0.650726 0.067751
1 0.526086 0.262707 0.018988 0.040917
2 0.247729 0.180036 0.018988 0.040917
2 0.980105 0.316220 0.018988 0.040917
3 0.229861 0.083967 0.018061 0.040542
3 0.050441 0.280945 0.018061 0.040542
