0 0.595809 0.055486 0.447665 0.024752
0 0.725877 0.711498 0.153889 0.024752
0 0.623011 0.979534 0.066888 0.024752
0 0.687968 0.577013 0.614753 0.024752
0 0.445418 0.454711 0.709418 0.024752
1 0.667112 0.121491 0.533366 0.030941
1 0.396390 0.698776 0.335575 0.030941
1 0.274650 0.389201 0.070308 0.030941
1 0.110776 0.262819 0.018093 0.018686
2 0.438907 0.632460 0.018093 0.018686
2 0.028201 0.168845 0.018093 0.018686
3 0.726101 0.400080 0.017210 0.018515
3 0.870909 0.064352 0.017210 0.018515
