0 0.602477 0.424270 0.080692 0.017079
0 0.417314 0.540509 0.138014 0.017079
0 0.340452 0.257328 0.030571 0.017079
0 0.825549 0.102909 0.286450 0.017079
0 0.838928 0.875405 0.142615 0.017079
1 0.488103 0.737827 0.321564 0.021349
1 0.425128 0.469367 0.053363 0.021349
1 0.676012 0.373632 0.303737 0.021349
1 0.657218 0.600780 0.013920 0.012894
2 0.551101 0.774792 0.013920 0.012894
2 0.569083 0.321677 0.013920 0.012894
3 0.902672 0.420135 0.013240 0.012775
3 0.111322 0.858990 0.013240 0.012775
