0 0.472425 0.418225 0.399007 0.028129
0 0.602725 0.864262 0.357475 0.028129
0 0.728681 0.810237 0.503950 0.028129
0 0.642441 0.241082 0.063755 0.028129
0 0.732423 0.733444 0.490869 0.028129
1 0.025995 0.726146 0.021414 0.035162
1 0.437540 0.607124 0.260677 0.035162
1 0.121391 0.278623 0.177480 0.035162
1 0.872025 0.640014 0.014360 0.021235
2 0.153162 0.652844 0.014360 0.021235
2 0.172924 0.916892 0.014360 0.021235
3 0.768596 0.411813 0.013659 0.021041
3 0.893197 0.296171 0.013659 0.021041
