0 0.375294 0.701072 0.252317 0.036101
0 0.822585 0.202410 0.156199 0.036101
0 0.382939 0.787955 0.339012 0.036101
0 0.387506 0.252938 0.367496 0.036101
0 0.373999 0.615018 0.358174 0.036101
1 0.331887 0.026391 0.311548 0.045126
1 0.174540 0.904189 0.332772 0.045126
1 0.793851 0.545906 0.212448 0.045126
1 0.929131 0.743860 0.010160 0.027253
2 0.179696 0.362487 0.010160 0.027253
2 0.135960 0.590625 0.010160 0.027253
3 0.617766 0.880753 0.009664 0.027004
3 0.714214 0.291934 0.009664 0.027004
