0 0.628819 0.355324 0.017077 0.021322
0 0.525209 0.053921 0.040403 0.021322
0 0.376127 0.848635 0.206931 0.021322
0 0.472437 0.808701 0.514612 0.021322
0 0.580443 0.903102 0.482524 0.021322
1 0.572986 0.185431 0.323444 0.026652
1 0.268579 0.373516 0.251866 0.026652
1 0.516739 0.325993 0.242833 0.026652
1 0.035954 0.300599 0.013290 0.016096
2 0.873119 0.228882 0.013290 0.016096
2 0.338330 0.739481 0.013290 0.016096
3 0.767385 0.802698 0.012641 0.015949
3 0.563977 0.513814 0.012641 0.015949
