0 0.552468 0.314505 0.334624 0.025907
0 0.572255 0.530427 0.297705 0.025907
0 0.094448 0.264570 0.066845 0.025907
0 0.643361 0.970693 0.533252 0.025907
0 0.461282 0.444381 0.405562 0.025907
1 0.364297 0.604518 0.296892 0.032383
1 0.504992 0.059845 0.455935 0.032383
1 0.660698 0.119277 0.070704 0.032383
1 0.220900 0.163481 0.014288 0.019557
2 0.461715 0.655057 0.014288 0.019557
2 0.986463 0.241267 0.014288 0.019557
3 0.825164 0.738249 0.013591 0.019378
3 0.776910 0.762111 0.013591 0.019378
