0 0.665349 0.574611 0.322841 0.027855
0 0.728681 0.523377 0.161659 0.027855
0 0.300018 0.635885 0.163772 0.027855
0 0.616194 0.374892 0.638119 0.027855
0 0.255027 0.279098 0.390224 0.027855
1 0.331488 0.100099 0.409066 0.034819
1 0.563640 0.290202 0.075799 0.034819
1 0.500370 0.755986 0.335291 0.034819
1 0.712675 0.026260 0.019151 0.021028
2 0.493778 0.912459 0.019151 0.021028
2 0.921954 0.742180 0.019151 0.021028
3 0.063009 0.098285 0.018217 0.020836
3 0.807692 0.189503 0.018217 0.020836
