0 0.223301 0.839013 0.068839 0.024814
0 0.329603 0.028469 0.434565 0.024814
0 0.699613 0.863877 0.377921 0.024814
0 0.647890 0.171306 0.148623 0.024814
0 0.354651 0.525659 0.010704 0.024814
1 0.703237 0.304551 0.183932 0.031017
1 0.106171 0.587041 0.174101 0.031017
1 0.557683 0.439577 0.559058 0.031017
1 0.088008 0.406983 0.016986 0.018732
2 0.359725 0.274128 0.016986 0.018732
2 0.258166 0.715683 0.016986 0.018732
3 0.086645 0.731071 0.016156 0.018561
3 0.682230 0.049073 0.016156 0.018561
