0 0.541289 0.561642 0.014789 0.023502
0 0.371244 0.338666 0.631893 0.023502
0 0.751186 0.647048 0.188473 0.023502
0 0.654240 0.236618 0.135177 0.023502
0 0.402948 0.055061 0.351859 0.023502
1 0.805705 0.826234 0.106603 0.029377
1 0.321759 0.148091 0.479930 0.029377
1 0.281300 0.858076 0.248105 0.029377
1 0.871181 0.729207 0.018410 0.017742
2 0.109405 0.381572 0.018410 0.017742
2 0.699145 0.093027 0.018410 0.017742
3 0.806094 0.043709 0.017512 0.017579
3 0.575348 0.886414 0.017512 0.017579
