0 0.357099 0.267899 0.128070 0.017986
0 0.452876 0.944742 0.104864 0.017986
0 0.190394 0.237054 0.220621 0.017986
0 0.290149 0.111451 0.159585 0.017986
0 0.511410 0.650900 0.203170 0.017986
1 0.631587 0.571984 0.436275 0.022482
1 0.206740 0.372585 0.382223 0.022482
1 0.608677 0.521063 0.410889 0.022482
1 0.398600 0.605113 0.011566 0.013578
2 0.010546 0.899961 0.011566 0.013578
2 0.557779 0.118946 0.011566 0.013578
3 0.730820 0.778553 0.011002 0.013453
3 0.549180 0.291657 0.011002 0.013453
