0 0.866460 0.086987 0.212108 0.018622
0 0.277175 0.375331 0.238050 0.018622
0 0.460208 0.641074 0.395689 0.018622
0 0.228729 0.256899 0.284998 0.018622
0 0.218756 0.954530 0.354948 0.018622
1 0.417786 0.089723 0.465584 0.023277
1 0.356561 0.556912 0.484632 0.023277
1 0.722201 0.259133 0.446111 0.023277
1 0.443388 0.822487 0.106555 0.023277
2 0.556590 0.178673 0.012547 0.014058
2 0.898152 0.777088 0.012547 0.014058
3 0.427135 0.297880 0.011935 0.013929
3 0.317030 0.777767 0.011935 0.013929
