0 0.826832 0.135848 0.084165 0.050505
0 0.798387 0.272399 0.095705 0.050505
0 0.334538 0.376860 0.168324 0.050505
0 0.825031 0.829411 0.250630 0.050505
0 0.219006 0.829840 0.365093 0.050505
1 0.280512 0.612368 0.402492 0.063131
1 0.633948 0.087898 0.101861 0.063131
1 0.440082 0.691481 0.324943 0.063131
1 0.544590 0.556660 0.010275 0.038127
2 0.130528 0.671831 0.010275 0.038127
2 0.949016 0.602391 0.010275 0.038127
3 0.812801 0.767490 0.009774 0.037778
3 0.231405 0.307725 0.009774 0.037778
