0 0.708011 0.397317 0.091651 0.027972
0 0.237929 0.127470 0.238454 0.027972
0 0.537319 0.906654 0.244904 0.027972
0 0.238779 0.396530 0.040301 0.027972
0 0.340838 0.723808 0.189317 0.027972
1 0.116015 0.302571 0.190839 0.034965
1 0.189520 0.210005 0.297377 0.034965
1 0.662922 0.962192 0.031881 0.034965
1 0.954738 0.187893 0.010458 0.021117
2 0.788328 0.167278 0.010458 0.021117
2 0.965925 0.743620 0.010458 0.021117
3 0.235856 0.942391 0.009948 0.020923
3 0.914520 0.063705 0.009948 0.020923
