0 0.584782 0.432707 0.480137 0.045147
0 0.413837 0.582952 0.533907 0.045147
0 0.432970 0.965730 0.332882 0.045147
0 0.610450 0.873561 0.293574 0.045147
0 0.455270 0.265670 0.412825 0.045147
1 0.949446 0.546093 0.039994 0.056433
1 0.451311 0.674365 0.247389 0.056433
1 0.336268 0.516758 0.205273 0.056433
1 0.219751 0.100770 0.014559 0.034082
2 0.142296 0.756133 0.014559 0.034082
2 0.060298 0.341303 0.014559 0.034082
3 0.014754 0.141859 0.013848 0.033770
3 0.078112 0.718671 0.013848 0.033770
