0 0.338125 0.810574 0.249230 0.029762
0 0.265842 0.395142 0.150278 0.029762
0 0.760835 0.515578 0.304537 0.029762
0 0.687119 0.767452 0.044742 0.029762
0 0.420837 0.504519 0.237305 0.029762
1 0.367810 0.968999 0.327391 0.037202
1 0.603320 0.871244 0.295442 0.037202
1 0.302240 0.214449 0.271057 0.037202
1 0.775958 0.912005 0.010850 0.022468
2 0.121827 0.043071 0.010850 0.022468
2 0.590791 0.672817 0.010850 0.022468
3 0.274502 0.463647 0.010320 0.022262
3 0.018210 0.987563 0.010320 0.022262
