0 0.486186 0.939483 0.400932 0.016013
0 0.378185 0.826495 0.047107 0.016013
0 0.538745 0.460807 0.333720 0.016013
0 0.766547 0.128249 0.199941 0.016013
0 0.405778 0.146258 0.108924 0.016013
1 0.068721 0.156681 0.065976 0.020016
1 0.463811 0.211417 0.186066 0.020016
1 0.694281 0.034053 0.250416 0.020016
1 0.453163 0.056925 0.011454 0.012088
2 0.401006 0.051618 0.011454 0.012088
2 0.646885 0.679676 0.011454 0.012088
3 0.227763 0.713914 0.010894 0.011978
3 0.918974 0.744125 0.010894 0.011978
