0 0.482105 0.834968 0.172703 0.032520
0 0.864290 0.297489 0.059395 0.032520
0 0.281889 0.308713 0.291658 0.032520
0 0.361780 0.876775 0.031333 0.032520
0 0.396374 0.927165 0.226097 0.032520
1 0.460824 0.104343 0.262188 0.040650
1 0.627177 0.779576 0.374547 0.040650
1 0.192521 0.400340 0.381595 0.040650
1 0.632103 0.068150 0.012492 0.024550
2 0.121117 0.755319 0.012492 0.024550
2 0.246083 0.619358 0.012492 0.024550
3 0.908357 0.214629 0.011882 0.024325
3 0.302610 0.550139 0.011882 0.024325
