0 0.389871 0.939342 0.296959 0.030303
0 0.386134 0.825457 0.257295 0.030303
0 0.573202 0.737788 0.272966 0.030303
0 0.802674 0.614051 0.232963 0.030303
0 0.274008 0.418042 0.168730 0.030303
1 0.577586 0.560760 0.321509 0.037879
1 0.722438 0.833386 0.352192 0.037879
1 0.737145 0.257260 0.310521 0.037879
1 0.372658 0.872275 0.010497 0.022876
2 0.438103 0.646155 0.010497 0.022876
2 0.151938 0.912937 0.010497 0.022876
3 0.277261 0.377588 0.009984 0.022667
3 0.317667 0.769593 0.009984 0.022667
