0 0.601034 0.065565 0.222596 0.017167
0 0.208247 0.321632 0.132751 0.017167
0 0.658042 0.113408 0.420155 0.017167
0 0.966017 0.284771 0.007508 0.017167
0 0.675152 0.362085 0.058379 0.017167
1 0.222304 0.751988 0.265069 0.021459
1 0.729811 0.696354 0.179078 0.021459
1 0.898298 0.669450 0.045340 0.021459
1 0.784871 0.981864 0.010591 0.012960
2 0.413526 0.707762 0.010591 0.012960
2 0.643963 0.745984 0.010591 0.012960
3 0.228438 0.014284 0.010074 0.012841
3 0.596284 0.710122 0.010074 0.012841
