0 0.717233 0.876140 0.445437 0.019175
0 0.257025 0.791571 0.400156 0.019175
0 0.761333 0.989617 0.456231 0.019175
0 0.827900 0.789212 0.233975 0.019175
0 0.762631 0.310211 0.455210 0.019175
1 0.329486 0.228675 0.283127 0.023969
1 0.229394 0.930882 0.341436 0.023969
1 0.256505 0.735999 0.343743 0.023969
1 0.301967 0.694343 0.013515 0.014476
2 0.387358 0.955121 0.013515 0.014476
2 0.202796 0.660568 0.013515 0.014476
3 0.474719 0.008243 0.012855 0.014343
3 0.058590 0.458794 0.012855 0.014343
