0 0.632785 0.797325 0.473618 0.016300
0 0.718987 0.966645 0.324316 0.016300
0 0.428105 0.254572 0.040487 0.016300
0 0.630103 0.606500 0.542134 0.016300
0 0.767474 0.189115 0.398583 0.016300
1 0.655958 0.070007 0.363441 0.020375
1 0.422714 0.706903 0.185140 0.020375
1 0.653133 0.476176 0.630124 0.020375
1 0.082982 0.390843 0.091462 0.020375
2 0.489100 0.532834 0.018599 0.012305
2 0.570349 0.823983 0.018599 0.012305
3 0.840039 0.909804 0.017691 0.012192
3 0.190920 0.701705 0.017691 0.012192
