0 0.749909 0.491944 0.190129 0.018298
0 0.713392 0.027913 0.573002 0.018298
0 0.325025 0.467249 0.257204 0.018298
0 0.797429 0.932259 0.194394 0.018298
0 0.455644 0.970221 0.301709 0.018298
1 0.403825 0.910890 0.360764 0.022873
1 0.610151 0.192359 0.498853 0.022873
1 0.159062 0.950208 0.072583 0.022873
1 0.656159 0.677329 0.014963 0.013814
2 0.428470 0.872661 0.014963 0.013814
2 0.927516 0.465534 0.014963 0.013814
3 0.539844 0.720554 0.014232 0.013687
3 0.848277 0.441844 0.014232 0.013687
