0 0.353636 0.783098 0.341201 0.023697
0 0.896405 0.012716 0.189457 0.023697
0 0.665933 0.828789 0.433608 0.023697
0 0.448872 0.923459 0.347301 0.023697
0 0.820709 0.125184 0.038374 0.023697
1 0.549050 0.982104 0.102731 0.029621
1 0.347294 0.683604 0.083881 0.029621
1 0.170980 0.844727 0.103300 0.029621
1 0.296795 0.677649 0.011091 0.017889
2 0.197477 0.424132 0.011091 0.017889
2 0.918800 0.081086 0.011091 0.017889
3 0.384835 0.627946 0.010550 0.017725
3 0.314480 0.042303 0.010550 0.017725
