0 0.538178 0.789768 0.405308 0.018100
0 0.804073 0.484643 0.076473 0.018100
0 0.111780 0.367639 0.052105 0.018100
0 0.357123 0.570930 0.507132 0.018100
0 0.698884 0.556516 0.110573 0.018100
1 0.690564 0.437238 0.525685 0.022624
1 0.561621 0.914795 0.528550 0.022624
1 0.816818 0.295100 0.361211 0.022624
1 0.080441 0.508331 0.013255 0.013664
2 0.593451 0.689159 0.013255 0.013664
2 0.804386 0.353759 0.013255 0.013664
3 0.154441 0.801896 0.012608 0.013538
3 0.092958 0.074661 0.012608 0.013538
