0 0.126594 0.340955 0.118138 0.034722
0 0.628532 0.949150 0.429974 0.034722
0 0.254618 0.774301 0.161454 0.034722
0 0.224657 0.471058 0.126131 0.034722
0 0.575408 0.185127 0.453477 0.034722
1 0.512707 0.336459 0.325370 0.043403
1 0.254388 0.859309 0.078150 0.043403
1 0.309399 0.075778 0.019530 0.043403
1 0.195201 0.341418 0.012026 0.026212
2 0.179897 0.526556 0.012026 0.026212
2 0.654395 0.536743 0.012026 0.026212
3 0.277471 0.321847 0.011439 0.025972
3 0.588544 0.523822 0.011439 0.025972
