0 0.701895 0.941193 0.360093 0.035971
0 0.797500 0.487941 0.158474 0.035971
0 0.470455 0.190005 0.185347 0.035971
0 0.420360 0.509420 0.477450 0.035971
0 0.603669 0.250474 0.252753 0.035971
1 0.044316 0.034590 0.042879 0.044964
1 0.368924 0.724780 0.296620 0.044964
1 0.240606 0.426705 0.255597 0.044964
1 0.075014 0.228821 0.014350 0.027155
2 0.637527 0.050551 0.014350 0.027155
2 0.487789 0.118390 0.014350 0.027155
3 0.963928 0.883535 0.013649 0.026906
3 0.063733 0.303900 0.013649 0.026906
