0 0.485729 0.057035 0.714062 0.021763
0 0.637143 0.105519 0.716371 0.021763
0 0.528319 0.798785 0.297819 0.021763
0 0.421769 0.674451 0.639237 0.021763
0 0.433691 0.634450 0.444521 0.021763
1 0.209841 0.916500 0.314725 0.027203
1 0.705576 0.869443 0.026106 0.027203
1 0.328248 0.840510 0.440952 0.027203
1 0.849010 0.796679 0.018209 0.016429
2 0.115722 0.085979 0.018209 0.016429
2 0.854291 0.212292 0.018209 0.016429
3 0.909008 0.796265 0.017320 0.016279
3 0.208640 0.011743 0.017320 0.016279
