0 0.549713 0.290415 0.387816 0.037951
0 0.303368 0.923610 0.387080 0.037951
0 0.486070 0.679896 0.412386 0.037951
0 0.485755 0.747078 0.128346 0.037951
0 0.093310 0.729920 0.040900 0.037951
1 0.577007 0.454776 0.214020 0.047438
1 0.559235 0.362692 0.401934 0.047438
1 0.266021 0.086175 0.257731 0.047438
1 0.893406 0.499333 0.198651 0.047438
2 0.602942 0.816566 0.011235 0.028650
2 0.289126 0.294477 0.011235 0.028650
3 0.263574 0.191727 0.010686 0.028387
3 0.148612 0.480312 0.010686 0.028387
