0 0.704964 0.476577 0.177748 0.051813
0 0.314863 0.908901 0.534717 0.051813
0 0.286343 0.293577 0.147067 0.051813
0 0.529962 0.682055 0.027924 0.051813
0 0.351864 0.427162 0.118236 0.051813
1 0.750222 0.044273 0.278309 0.064767
1 0.292195 0.155140 0.456528 0.064767
1 0.770700 0.839199 0.098176 0.064767
1 0.277361 0.827642 0.027357 0.064767
2 0.683061 0.705275 0.014785 0.039115
2 0.124409 0.538613 0.014785 0.039115
3 0.863297 0.649705 0.014064 0.038756
3 0.867231 0.175379 0.014064 0.038756
