0 0.401667 0.833266 0.668583 0.017036
0 0.501891 0.187710 0.323257 0.017036
0 0.370565 0.256081 0.632761 0.017036
0 0.714148 0.944072 0.124754 0.017036
0 0.567094 0.351894 0.087693 0.017036
1 0.429655 0.598977 0.152751 0.021295
1 0.390749 0.224361 0.513534 0.021295
1 0.494206 0.038114 0.452955 0.021295
1 0.356594 0.644243 0.090875 0.021295
2 0.550961 0.960578 0.017385 0.012861
2 0.295899 0.372713 0.017385 0.012861
3 0.645939 0.563587 0.016536 0.012743
3 0.814591 0.047291 0.016536 0.012743
