0 0.316415 0.015389 0.446806 0.024010
0 0.649506 0.743429 0.421377 0.024010
0 0.308029 0.555159 0.154351 0.024010
0 0.542358 0.675539 0.266754 0.024010
0 0.328850 0.434310 0.339299 0.024010
1 0.772458 0.963287 0.314931 0.030012
1 0.380853 0.124016 0.041814 0.030012
1 0.744567 0.433668 0.418411 0.030012
1 0.146884 0.539896 0.011827 0.018125
2 0.665138 0.125900 0.011827 0.018125
2 0.464882 0.916142 0.011827 0.018125
3 0.158206 0.632191 0.011249 0.017959
3 0.315283 0.363555 0.011249 0.017959
