0 0.185846 0.782458 0.258407 0.048077
0 0.454476 0.405269 0.270386 0.048077
0 0.795808 0.071836 0.057658 0.048077
0 0.868849 0.609989 0.185463 0.048077
0 0.145005 0.939573 0.186770 0.048077
1 0.604827 0.229346 0.162277 0.060096
1 0.779345 0.317647 0.420828 0.060096
1 0.194966 0.067545 0.021656 0.060096
1 0.843819 0.025532 0.010625 0.036294
2 0.471560 0.600939 0.010625 0.036294
2 0.241582 0.169934 0.010625 0.036294
3 0.255646 0.498551 0.010106 0.035962
3 0.647342 0.521174 0.010106 0.035962
