0 0.712163 0.351255 0.062338 0.040900
0 0.602505 0.603371 0.541478 0.040900
0 0.524085 0.928478 0.686434 0.040900
0 0.537134 0.544149 0.506475 0.040900
0 0.800896 0.423941 0.357972 0.040900
1 0.277387 0.727845 0.254549 0.051125
1 0.690432 0.830574 0.037917 0.051125
1 0.881932 0.774775 0.235018 0.051125
1 0.309010 0.394070 0.017646 0.030876
2 0.038266 0.028381 0.017646 0.030876
2 0.065050 0.855438 0.017646 0.030876
3 0.477475 0.723325 0.016784 0.030593
3 0.024549 0.518107 0.016784 0.030593
