0 0.587416 0.426945 0.710945 0.052083
0 0.372919 0.356381 0.574782 0.052083
0 0.310841 0.880025 0.311893 0.052083
0 0.410795 0.144155 0.585970 0.052083
0 0.696193 0.849324 0.023046 0.052083
1 0.584942 0.549535 0.533668 0.065104
1 0.434677 0.775635 0.154943 0.065104
1 0.416852 0.965337 0.702307 0.065104
1 0.921935 0.346702 0.020197 0.039319
2 0.719970 0.117964 0.020197 0.039319
2 0.960566 0.318701 0.020197 0.039319
3 0.879473 0.241032 0.019211 0.038958
3 0.608030 0.819033 0.019211 0.038958
