0 0.585666 0.793119 0.315450 0.018365
0 0.525990 0.216455 0.123887 0.018365
0 0.193467 0.841636 0.209070 0.018365
0 0.620420 0.049619 0.208719 0.018365
0 0.166527 0.203737 0.104790 0.018365
1 0.798022 0.272118 0.075475 0.022957
1 0.648801 0.109563 0.295497 0.022957
1 0.584141 0.022378 0.376510 0.022957
1 0.575363 0.370473 0.012461 0.013864
2 0.225295 0.538365 0.012461 0.013864
2 0.629396 0.887421 0.012461 0.013864
3 0.476568 0.681951 0.011853 0.013737
3 0.158008 0.266664 0.011853 0.013737
