0 0.483459 0.672538 0.095041 0.033278
0 0.428316 0.837780 0.089499 0.033278
0 0.840178 0.827058 0.015423 0.033278
0 0.217284 0.530337 0.253417 0.033278
0 0.714414 0.900660 0.275388 0.033278
1 0.582345 0.483909 0.433118 0.041597
1 0.548624 0.201564 0.019771 0.041597
1 0.680883 0.405336 0.289004 0.041597
1 0.503617 0.416383 0.011961 0.025122
2 0.874194 0.025074 0.011961 0.025122
2 0.797300 0.212191 0.011961 0.025122
3 0.208460 0.858833 0.011377 0.024892
3 0.669597 0.526654 0.011377 0.024892
