0 0.605985 0.754039 0.339333 0.019743
0 0.584366 0.694369 0.083501 0.019743
0 0.516768 0.168231 0.394371 0.019743
0 0.535658 0.597806 0.322713 0.019743
0 0.617286 0.543285 0.394481 0.019743
1 0.441815 0.390881 0.348261 0.024679
1 0.299372 0.835418 0.261943 0.024679
1 0.031042 0.430133 0.049802 0.024679
1 0.207986 0.914982 0.011324 0.014905
2 0.108435 0.452058 0.011324 0.014905
2 0.499993 0.618720 0.011324 0.014905
3 0.600909 0.279458 0.010771 0.014768
3 0.970892 0.516071 0.010771 0.014768
