0 0.269991 0.819772 0.072469 0.016287
0 0.464534 0.305247 0.279153 0.016287
0 0.441665 0.888497 0.449313 0.016287
0 0.602997 0.372699 0.445960 0.016287
0 0.435657 0.351433 0.029202 0.016287
1 0.579858 0.848878 0.237002 0.020358
1 0.185263 0.691375 0.288573 0.020358
1 0.241181 0.434621 0.147875 0.020358
1 0.140278 0.513773 0.273893 0.020358
2 0.707330 0.827937 0.011736 0.012295
2 0.355389 0.908279 0.011736 0.012295
3 0.877111 0.705975 0.011163 0.012182
3 0.573178 0.573894 0.011163 0.012182
