0 0.324105 0.105904 0.470987 0.020202
0 0.513884 0.219143 0.723162 0.020202
0 0.479592 0.881092 0.689029 0.020202
0 0.488143 0.420047 0.049347 0.020202
0 0.707412 0.634684 0.262841 0.020202
1 0.290620 0.669065 0.249543 0.025253
1 0.300318 0.555618 0.266049 0.025253
1 0.390603 0.381897 0.552892 0.025253
1 0.103295 0.820073 0.018159 0.015251
2 0.466008 0.131278 0.018159 0.015251
2 0.968950 0.412332 0.018159 0.015251
3 0.387315 0.487741 0.017273 0.015111
3 0.215050 0.523236 0.017273 0.015111
