0 0.625185 0.711532 0.052890 0.036969
0 0.733206 0.101076 0.328506 0.036969
0 0.812986 0.758101 0.319521 0.036969
0 0.329004 0.078095 0.037344 0.036969
0 0.395642 0.615649 0.061917 0.036969
1 0.787473 0.388953 0.058484 0.046211
1 0.688464 0.864781 0.040749 0.046211
1 0.822097 0.569526 0.148783 0.046211
1 0.786055 0.983378 0.010119 0.027908
2 0.542529 0.787902 0.010119 0.027908
2 0.793851 0.635619 0.010119 0.027908
3 0.104274 0.297997 0.009625 0.027652
3 0.381834 0.852131 0.009625 0.027652
