0 0.453077 0.211313 0.343702 0.020387
0 0.586009 0.795197 0.531543 0.020387
0 0.529153 0.894741 0.506551 0.020387
0 0.278248 0.301051 0.127102 0.020387
0 0.340374 0.029968 0.116485 0.020387
1 0.573789 0.087434 0.317951 0.025484
1 0.814375 0.194147 0.314458 0.025484
1 0.127321 0.610143 0.082876 0.025484
1 0.679410 0.138545 0.482064 0.025484
2 0.775086 0.023147 0.014940 0.015391
2 0.194201 0.898954 0.014940 0.015391
3 0.275578 0.084710 0.014211 0.015250
3 0.020658 0.131536 0.014211 0.015250
