0 0.329576 0.476143 0.528204 0.016764
0 0.403888 0.906366 0.533998 0.016764
0 0.296635 0.802877 0.277962 0.016764
0 0.449991 0.722206 0.366215 0.016764
0 0.253109 0.243900 0.116587 0.016764
1 0.560582 0.047535 0.464070 0.020956
1 0.493347 0.179692 0.700391 0.020956
1 0.445371 0.649401 0.076466 0.020956
1 0.369873 0.937334 0.624680 0.020956
2 0.564405 0.248900 0.018599 0.012656
2 0.948823 0.154866 0.018599 0.012656
3 0.933069 0.532229 0.017691 0.012540
3 0.529159 0.219434 0.017691 0.012540
