0 0.730964 0.700450 0.334031 0.028694
0 0.389029 0.313543 0.081139 0.028694
0 0.710681 0.340445 0.202175 0.028694
0 0.596131 0.614485 0.335667 0.028694
0 0.206131 0.273761 0.189516 0.028694
1 0.244630 0.334533 0.115016 0.035868
1 0.422131 0.744104 0.313416 0.035868
1 0.764017 0.876684 0.168505 0.035868
1 0.407110 0.969444 0.010480 0.021662
2 0.994686 0.782490 0.010480 0.021662
2 0.090597 0.884675 0.010480 0.021662
3 0.389314 0.507587 0.009969 0.021463
3 0.096176 0.914548 0.009969 0.021463
