0 0.617059 0.630733 0.155291 0.016935
0 0.751023 0.201303 0.113592 0.016935
0 0.393309 0.777916 0.472392 0.016935
0 0.488555 0.394916 0.605985 0.016935
0 0.819827 0.340205 0.140908 0.016935
1 0.814241 0.296723 0.346418 0.021169
1 0.432264 0.525438 0.666354 0.021169
1 0.548074 0.422601 0.503491 0.021169
1 0.944966 0.924577 0.033414 0.021169
2 0.535063 0.963889 0.018225 0.012784
2 0.391739 0.082511 0.018225 0.012784
3 0.197758 0.310997 0.017336 0.012667
3 0.506535 0.190282 0.017336 0.012667
