0 0.248775 0.486431 0.294765 0.026882
0 0.628486 0.633288 0.254979 0.026882
0 0.680710 0.845930 0.460970 0.026882
0 0.472488 0.426589 0.267194 0.026882
0 0.184604 0.408141 0.150303 0.026882
1 0.334848 0.241417 0.353973 0.033602
1 0.336735 0.710362 0.140378 0.033602
1 0.597508 0.911186 0.094687 0.033602
1 0.733292 0.200961 0.011848 0.020293
2 0.859896 0.443945 0.011848 0.020293
2 0.446656 0.295460 0.011848 0.020293
3 0.662856 0.520585 0.011269 0.020108
3 0.823843 0.373114 0.011269 0.020108
