0 0.245209 0.617118 0.398642 0.031596
0 0.352915 0.289325 0.135780 0.031596
0 0.664121 0.498257 0.081595 0.031596
0 0.374079 0.043941 0.502323 0.031596
0 0.365158 0.132604 0.475373 0.031596
1 0.839748 0.062973 0.072445 0.039494
1 0.448986 0.397957 0.334067 0.039494
1 0.223543 0.974262 0.360804 0.039494
1 0.157396 0.336781 0.012634 0.023852
2 0.695594 0.356804 0.012634 0.023852
2 0.441672 0.807898 0.012634 0.023852
3 0.378963 0.253678 0.012018 0.023633
3 0.457321 0.842918 0.012018 0.023633
