0 0.587774 0.595383 0.443390 0.043668
0 0.652272 0.356102 0.044795 0.043668
0 0.710486 0.961519 0.525202 0.043668
0 0.892332 0.530624 0.168186 0.043668
0 0.446334 0.224613 0.382186 0.043668
1 0.421445 0.122709 0.448175 0.054585
1 0.493123 0.028009 0.590804 0.054585
1 0.323630 0.679796 0.627500 0.054585
1 0.660581 0.482675 0.017235 0.032966
2 0.235435 0.952297 0.017235 0.032966
2 0.334887 0.325250 0.017235 0.032966
3 0.878694 0.073997 0.016393 0.032664
3 0.295322 0.471099 0.016393 0.032664
