0 0.685011 0.280716 0.442629 0.018501
0 0.528423 0.707717 0.601431 0.018501
0 0.285604 0.352643 0.324891 0.018501
0 0.415170 0.027562 0.565757 0.018501
0 0.151438 0.539067 0.218086 0.018501
1 0.230792 0.873077 0.346063 0.023127
1 0.925545 0.861482 0.090781 0.023127
1 0.453039 0.399860 0.129547 0.023127
1 0.490858 0.442343 0.015557 0.013967
2 0.913032 0.813695 0.015557 0.013967
2 0.619627 0.792549 0.015557 0.013967
3 0.466023 0.538564 0.014798 0.013839
3 0.029794 0.277755 0.014798 0.013839
