0 0.530358 0.291043 0.473063 0.030722
0 0.329098 0.211851 0.093813 0.030722
0 0.849963 0.549055 0.158551 0.030722
0 0.414752 0.911982 0.363700 0.030722
0 0.130068 0.649454 0.151362 0.030722
1 0.162299 0.331257 0.203497 0.038402
1 0.791739 0.170766 0.335271 0.038402
1 0.299760 0.770181 0.195839 0.038402
1 0.305839 0.030415 0.012099 0.023193
2 0.175596 0.605388 0.012099 0.023193
2 0.505143 0.499766 0.012099 0.023193
3 0.423461 0.391106 0.011508 0.022980
3 0.880747 0.482880 0.011508 0.022980
