0 0.234968 0.111245 0.364319 0.024301
0 0.233251 0.229570 0.289956 0.024301
0 0.384232 0.606345 0.390802 0.024301
0 0.553253 0.413548 0.152971 0.024301
0 0.236314 0.272021 0.038846 0.024301
1 0.252106 0.775252 0.205287 0.030377
1 0.390966 0.919828 0.405158 0.030377
1 0.723681 0.153617 0.195405 0.030377
1 0.549262 0.834796 0.011566 0.018345
2 0.406870 0.391890 0.011566 0.018345
2 0.188327 0.368186 0.011566 0.018345
3 0.701426 0.315442 0.011002 0.018177
3 0.784468 0.308260 0.011002 0.018177
