0 0.397835 0.474034 0.270490 0.048780
0 0.360507 0.027458 0.372280 0.048780
0 0.634718 0.115499 0.474011 0.048780
0 0.556413 0.617893 0.425659 0.048780
0 0.667166 0.724688 0.186113 0.048780
1 0.177643 0.843444 0.188857 0.060976
1 0.687586 0.835845 0.133616 0.060976
1 0.275159 0.764857 0.456937 0.060976
1 0.617800 0.441710 0.013150 0.036825
2 0.027013 0.906492 0.013150 0.036825
2 0.830651 0.608292 0.013150 0.036825
3 0.586053 0.376409 0.012508 0.036488
3 0.344913 0.128220 0.012508 0.036488
