0 0.200413 0.684955 0.117483 0.018587
0 0.506375 0.660314 0.111788 0.018587
0 0.600652 0.350249 0.089731 0.018587
0 0.851595 0.676644 0.184251 0.018587
0 0.150137 0.281757 0.045291 0.018587
1 0.121934 0.829587 0.026129 0.023234
1 0.828873 0.196705 0.302105 0.023234
1 0.754601 0.378101 0.287257 0.023234
1 0.536226 0.145324 0.010933 0.014032
2 0.632137 0.148987 0.010933 0.014032
2 0.941221 0.799723 0.010933 0.014032
3 0.118634 0.200448 0.010400 0.013903
3 0.705089 0.868446 0.010400 0.013903
