0 0.275419 0.135903 0.325106 0.018332
0 0.373951 0.977786 0.269218 0.018332
0 0.162874 0.583071 0.044515 0.018332
0 0.371416 0.327344 0.439772 0.018332
0 0.809029 0.041964 0.138623 0.018332
1 0.394719 0.413912 0.172760 0.022915
1 0.777382 0.135711 0.118098 0.022915
1 0.718127 0.631886 0.247535 0.022915
1 0.521111 0.355465 0.011356 0.013839
2 0.463793 0.632197 0.011356 0.013839
2 0.838052 0.555060 0.011356 0.013839
3 0.563894 0.632233 0.010802 0.013712
3 0.668214 0.255542 0.010802 0.013712
