0 0.429158 0.909631 0.223364 0.016556
0 0.847083 0.251202 0.126568 0.016556
0 0.780013 0.272486 0.296299 0.016556
0 0.662727 0.763350 0.225023 0.016556
0 0.620341 0.171625 0.217801 0.016556
1 0.208296 0.079464 0.102143 0.020695
1 0.545861 0.401251 0.173936 0.020695
1 0.676289 0.328401 0.416940 0.020695
1 0.076735 0.379400 0.010586 0.012499
2 0.080907 0.672131 0.010586 0.012499
2 0.944272 0.460022 0.010586 0.012499
3 0.748994 0.856685 0.010069 0.012384
3 0.112418 0.423096 0.010069 0.012384
