0 0.648545 0.853660 0.527897 0.017794
0 0.809383 0.739213 0.102858 0.017794
0 0.844017 0.791961 0.263015 0.017794
0 0.843853 0.361828 0.216324 0.017794
0 0.789751 0.045505 0.387838 0.017794
1 0.266815 0.496252 0.439128 0.022242
1 0.960464 0.980031 0.072385 0.022242
1 0.491719 0.395050 0.544912 0.022242
1 0.567444 0.591644 0.016800 0.013433
2 0.167053 0.715703 0.016800 0.013433
2 0.054252 0.694640 0.016800 0.013433
3 0.119715 0.313530 0.015980 0.013310
3 0.672579 0.305647 0.015980 0.013310
