0 0.462231 0.156946 0.398977 0.018709
0 0.402817 0.418785 0.106849 0.018709
0 0.399360 0.738640 0.231514 0.018709
0 0.286551 0.644488 0.258107 0.018709
0 0.558833 0.097171 0.422067 0.018709
1 0.265549 0.286016 0.501216 0.023386
1 0.160388 0.053413 0.299051 0.023386
1 0.572636 0.245252 0.399501 0.023386
1 0.245182 0.988325 0.013056 0.014124
2 0.427472 0.837740 0.013056 0.014124
2 0.109341 0.211272 0.013056 0.014124
3 0.107347 0.249572 0.012418 0.013994
3 0.408567 0.316381 0.012418 0.013994
