0 0.899419 0.726840 0.181105 0.028409
0 0.143996 0.938331 0.087114 0.028409
0 0.787074 0.243865 0.315947 0.028409
0 0.720840 0.382031 0.430430 0.028409
0 0.078270 0.456121 0.046998 0.028409
1 0.630778 0.503616 0.431595 0.035511
1 0.587274 0.909898 0.327327 0.035511
1 0.130437 0.190179 0.091701 0.035511
1 0.208315 0.580003 0.011586 0.021447
2 0.351877 0.555830 0.011586 0.021447
2 0.178538 0.541893 0.011586 0.021447
3 0.308838 0.919565 0.011021 0.021250
3 0.947991 0.973097 0.011021 0.021250
