0 0.433304 0.922881 0.322166 0.051414
0 0.561706 0.180639 0.328608 0.051414
0 0.334831 0.784936 0.354663 0.051414
0 0.293994 0.378924 0.284959 0.051414
0 0.788302 0.439003 0.357653 0.051414
1 0.280801 0.310511 0.385087 0.064267
1 0.536664 0.620628 0.286914 0.064267
1 0.557317 0.289041 0.049141 0.064267
1 0.821249 0.725181 0.010366 0.038813
2 0.018092 0.750190 0.010366 0.038813
2 0.337041 0.450449 0.010366 0.038813
3 0.199775 0.695224 0.009860 0.038458
3 0.946069 0.200523 0.009860 0.038458
