0 0.605591 0.283694 0.329023 0.034072
0 0.536473 0.612137 0.571010 0.034072
0 0.729311 0.430645 0.184516 0.034072
0 0.841270 0.567778 0.098461 0.034072
0 0.702823 0.091307 0.122323 0.034072
1 0.350791 0.366376 0.023470 0.042589
1 0.830998 0.823425 0.225376 0.042589
1 0.653053 0.737956 0.337541 0.042589
1 0.600124 0.536480 0.017415 0.025721
2 0.494314 0.179698 0.017415 0.025721
2 0.178637 0.680061 0.017415 0.025721
3 0.386817 0.171165 0.016565 0.025486
3 0.849365 0.729159 0.016565 0.025486
