0 0.198175 0.504852 0.347182 0.018332
0 0.358527 0.528492 0.301977 0.018332
0 0.773926 0.826082 0.444778 0.018332
0 0.793929 0.760058 0.179840 0.018332
0 0.229008 0.224742 0.292956 0.018332
1 0.381174 0.267494 0.131232 0.022915
1 0.758309 0.597739 0.257610 0.022915
1 0.590970 0.865424 0.172628 0.022915
1 0.322418 0.379754 0.011709 0.013839
2 0.977732 0.033389 0.011709 0.013839
2 0.150514 0.139195 0.011709 0.013839
3 0.028607 0.467143 0.011137 0.013712
3 0.081305 0.264133 0.011137 0.013712
