0 0.599902 0.760498 0.119128 0.029455
0 0.592313 0.156217 0.329080 0.029455
0 0.466337 0.923745 0.533882 0.029455
0 0.229953 0.415752 0.314036 0.029455
0 0.547369 0.092619 0.182490 0.029455
1 0.663962 0.832065 0.454558 0.036819
1 0.452469 0.608510 0.594462 0.036819
1 0.254188 0.529881 0.431055 0.036819
1 0.170673 0.092702 0.017220 0.022236
2 0.274636 0.117665 0.017220 0.022236
2 0.142967 0.364102 0.017220 0.022236
3 0.426966 0.738753 0.016379 0.022032
3 0.295011 0.286177 0.016379 0.022032
