0 0.589819 0.771043 0.681680 0.020597
0 0.419875 0.491387 0.494505 0.020597
0 0.228003 0.879241 0.196625 0.020597
0 0.397440 0.169734 0.524975 0.020597
0 0.543093 0.691166 0.609933 0.020597
1 0.693969 0.742428 0.159946 0.025747
1 0.702404 0.349737 0.353239 0.025747
1 0.569893 0.655494 0.592821 0.025747
1 0.040427 0.081649 0.018581 0.015549
2 0.615262 0.868511 0.018581 0.015549
2 0.030866 0.822108 0.018581 0.015549
3 0.206570 0.979619 0.017674 0.015407
3 0.582224 0.077235 0.017674 0.015407
