0 0.809953 0.657743 0.056980 0.034072
0 0.835197 0.780822 0.256790 0.034072
0 0.315432 0.774143 0.428892 0.034072
0 0.474247 0.146474 0.543785 0.034072
0 0.582531 0.201998 0.428173 0.034072
1 0.602055 0.362843 0.610805 0.042589
1 0.486936 0.649889 0.063732 0.042589
1 0.530216 0.247882 0.361054 0.042589
1 0.930961 0.350233 0.015716 0.025721
2 0.403400 0.432692 0.015716 0.025721
2 0.971584 0.113120 0.015716 0.025721
3 0.711910 0.489903 0.014949 0.025486
3 0.882679 0.716276 0.014949 0.025486
