0 0.562205 0.109862 0.292738 0.028409
0 0.493604 0.958718 0.369801 0.028409
0 0.543372 0.452557 0.630900 0.028409
0 0.666064 0.847672 0.298805 0.028409
0 0.408449 0.540777 0.268601 0.028409
1 0.374085 0.798602 0.658044 0.035511
1 0.590697 0.670707 0.663148 0.035511
1 0.602156 0.415345 0.620129 0.035511
1 0.313155 0.149876 0.019133 0.021447
2 0.209366 0.550885 0.019133 0.021447
2 0.020992 0.313245 0.019133 0.021447
3 0.886743 0.048468 0.018199 0.021250
3 0.965325 0.101101 0.018199 0.021250
