0 0.290850 0.496884 0.484025 0.020790
0 0.471729 0.207216 0.347280 0.020790
0 0.657270 0.730826 0.362545 0.020790
0 0.521905 0.021572 0.330273 0.020790
0 0.310536 0.094791 0.233704 0.020790
1 0.489588 0.399516 0.269233 0.025988
1 0.276944 0.440634 0.514149 0.025988
1 0.433007 0.530310 0.080114 0.025988
1 0.487919 0.790573 0.014187 0.015695
2 0.193509 0.689905 0.014187 0.015695
2 0.486726 0.910763 0.014187 0.015695
3 0.801113 0.348697 0.013494 0.015551
3 0.255827 0.330290 0.013494 0.015551
