0 0.543589 0.191469 0.060678 0.027894
0 0.642096 0.360381 0.707014 0.027894
0 0.796270 0.680042 0.155576 0.027894
0 0.396953 0.041796 0.182626 0.027894
0 0.705191 0.884487 0.216103 0.027894
1 0.417604 0.513846 0.612254 0.034868
1 0.686864 0.776815 0.569737 0.034868
1 0.560428 0.138197 0.583638 0.034868
1 0.434912 0.720235 0.018159 0.021058
2 0.542639 0.968749 0.018159 0.021058
2 0.113261 0.050741 0.018159 0.021058
3 0.985831 0.302119 0.017273 0.020865
3 0.249848 0.612432 0.017273 0.020865
