0 0.382515 0.226167 0.501598 0.032895
0 0.363513 0.020315 0.590967 0.032895
0 0.684174 0.749048 0.468129 0.032895
0 0.422412 0.438385 0.596161 0.032895
0 0.400565 0.136636 0.418729 0.032895
1 0.630562 0.389490 0.577075 0.041118
1 0.578749 0.511793 0.555086 0.041118
1 0.511610 0.575138 0.532869 0.041118
1 0.943520 0.807154 0.014896 0.024833
2 0.081555 0.196322 0.014896 0.024833
2 0.975115 0.551383 0.014896 0.024833
3 0.280280 0.480008 0.014169 0.024605
3 0.384027 0.701231 0.014169 0.024605
