0 0.563626 0.139178 0.331947 0.032895
0 0.306014 0.650298 0.090070 0.032895
0 0.797888 0.344217 0.188816 0.032895
0 0.167860 0.348295 0.067641 0.032895
0 0.299644 0.900488 0.263809 0.032895
1 0.747691 0.813556 0.308654 0.041118
1 0.031115 0.053327 0.032642 0.041118
1 0.824113 0.718773 0.235596 0.041118
1 0.832497 0.262759 0.010519 0.024833
2 0.060581 0.367986 0.010519 0.024833
2 0.966560 0.184458 0.010519 0.024833
3 0.708733 0.211009 0.010005 0.024605
3 0.196915 0.206342 0.010005 0.024605
