0 0.416493 0.449745 0.622003 0.042283
0 0.318903 0.627153 0.342852 0.042283
0 0.282990 0.698547 0.367223 0.042283
0 0.444714 0.751281 0.513238 0.042283
0 0.435605 0.850318 0.346858 0.042283
1 0.190496 0.264750 0.039174 0.052854
1 0.531439 0.314675 0.386850 0.052854
1 0.592588 0.525925 0.446898 0.052854
1 0.805379 0.898275 0.015753 0.031920
2 0.215050 0.401002 0.015753 0.031920
2 0.911734 0.971323 0.015753 0.031920
3 0.802660 0.711602 0.014984 0.031628
3 0.558670 0.034713 0.014984 0.031628
