0 0.601772 0.684625 0.218754 0.037594
0 0.575254 0.539709 0.234652 0.037594
0 0.285413 0.445426 0.368604 0.037594
0 0.669728 0.330740 0.319037 0.037594
0 0.252283 0.200283 0.029170 0.037594
1 0.713102 0.465619 0.323637 0.046992
1 0.651979 0.049869 0.164894 0.046992
1 0.542251 0.742784 0.205814 0.046992
1 0.256727 0.598445 0.011324 0.028380
2 0.727201 0.242432 0.011324 0.028380
2 0.081838 0.376329 0.011324 0.028380
3 0.886262 0.221721 0.010771 0.028120
3 0.657811 0.893936 0.010771 0.028120
