0 0.350047 0.856826 0.452904 0.016764
0 0.639923 0.158241 0.138454 0.016764
0 0.171019 0.968075 0.157734 0.016764
0 0.334025 0.530658 0.482301 0.016764
0 0.447999 0.302759 0.405742 0.016764
1 0.455223 0.332316 0.153376 0.020956
1 0.658600 0.825033 0.487344 0.020956
1 0.767525 0.640960 0.300731 0.020956
1 0.332580 0.120912 0.012979 0.012656
2 0.360230 0.235299 0.012979 0.012656
2 0.745037 0.333478 0.012979 0.012656
3 0.203830 0.900093 0.012346 0.012540
3 0.038943 0.600685 0.012346 0.012540
