0 0.395978 0.127109 0.293562 0.034904
0 0.482918 0.763571 0.334050 0.034904
0 0.302184 0.870016 0.125545 0.034904
0 0.090747 0.356410 0.057961 0.034904
0 0.910339 0.953014 0.086570 0.034904
1 0.494855 0.280833 0.393929 0.043630
1 0.460876 0.409065 0.516764 0.043630
1 0.507663 0.195390 0.449980 0.043630
1 0.778228 0.441186 0.012954 0.026350
2 0.420980 0.959657 0.012954 0.026350
2 0.295671 0.060698 0.012954 0.026350
3 0.814928 0.388634 0.012322 0.026108
3 0.913437 0.558578 0.012322 0.026108
