0 0.598857 0.645572 0.230057 0.023041
0 0.659313 0.489352 0.185303 0.023041
0 0.587245 0.524035 0.453876 0.023041
0 0.379952 0.222600 0.181659 0.023041
0 0.336928 0.903933 0.139691 0.023041
1 0.932382 0.296408 0.104679 0.028802
1 0.428249 0.733039 0.388140 0.028802
1 0.895850 0.626392 0.064023 0.028802
1 0.635131 0.368111 0.014929 0.017394
2 0.209364 0.545639 0.014929 0.017394
2 0.944737 0.884850 0.014929 0.017394
3 0.475705 0.430591 0.014200 0.017235
3 0.910240 0.803833 0.014200 0.017235
