0 0.618019 0.435159 0.012472 0.023781
0 0.485967 0.845744 0.454792 0.023781
0 0.517471 0.938716 0.329727 0.023781
0 0.741721 0.087795 0.159695 0.023781
0 0.285182 0.306274 0.159132 0.023781
1 0.304707 0.615527 0.514129 0.029727
1 0.245764 0.172484 0.409953 0.029727
1 0.338732 0.977029 0.644365 0.029727
1 0.437654 0.054404 0.016508 0.017953
2 0.490144 0.696429 0.016508 0.017953
2 0.216703 0.248891 0.016508 0.017953
3 0.089626 0.679984 0.015702 0.017788
3 0.846479 0.909947 0.015702 0.017788
