0 0.686774 0.079387 0.269361 0.026385
0 0.879452 0.030393 0.056012 0.026385
0 0.362572 0.594696 0.395249 0.026385
0 0.439068 0.835129 0.483685 0.026385
0 0.567808 0.234467 0.486149 0.026385
1 0.255749 0.954899 0.028105 0.032982
1 0.226795 0.764626 0.393923 0.032982
1 0.846148 0.539729 0.213080 0.032982
1 0.546771 0.350709 0.015283 0.019919
2 0.886081 0.422354 0.015283 0.019919
2 0.922537 0.154527 0.015283 0.019919
3 0.709293 0.399282 0.014537 0.019736
3 0.360795 0.363891 0.014537 0.019736
