0 0.695888 0.584009 0.272583 0.026774
0 0.843036 0.880104 0.059687 0.026774
0 0.351910 0.940700 0.306989 0.026774
0 0.690767 0.127487 0.559061 0.026774
0 0.699590 0.478350 0.476005 0.026774
1 0.389015 0.533766 0.406593 0.033467
1 0.316295 0.254630 0.557360 0.033467
1 0.172843 0.430592 0.084936 0.033467
1 0.948563 0.157890 0.016293 0.020212
2 0.874023 0.604860 0.016293 0.020212
2 0.159862 0.321773 0.016293 0.020212
3 0.100162 0.763521 0.015498 0.020027
3 0.209088 0.108226 0.015498 0.020027
