0 0.371149 0.743351 0.477160 0.044346
0 0.462076 0.458878 0.070968 0.044346
0 0.377502 0.107778 0.622021 0.044346
0 0.885846 0.106383 0.064516 0.044346
0 0.748106 0.927371 0.241366 0.044346
1 0.555714 0.183469 0.571954 0.055432
1 0.283792 0.593486 0.401917 0.055432
1 0.900832 0.781034 0.040933 0.055432
1 0.758026 0.522257 0.016122 0.033477
2 0.885974 0.276215 0.016122 0.033477
2 0.707795 0.483057 0.016122 0.033477
3 0.513968 0.574402 0.015335 0.033171
3 0.903931 0.855903 0.015335 0.033171
