0 0.371469 0.385212 0.520107 0.019608
0 0.604060 0.605765 0.015355 0.019608
0 0.744657 0.668321 0.260381 0.019608
0 0.331600 0.182741 0.172432 0.019608
0 0.230742 0.873910 0.366605 0.019608
1 0.540272 0.288942 0.374644 0.024510
1 0.470202 0.484612 0.399935 0.024510
1 0.348479 0.130073 0.573129 0.024510
1 0.118658 0.330224 0.015064 0.014802
2 0.765398 0.207056 0.015064 0.014802
2 0.849107 0.129674 0.015064 0.014802
3 0.405598 0.458725 0.014329 0.014667
3 0.186335 0.647497 0.014329 0.014667
