0 0.692820 0.493305 0.235329 0.025510
0 0.646230 0.615267 0.370590 0.025510
0 0.522253 0.160094 0.215722 0.025510
0 0.900812 0.339465 0.085958 0.025510
0 0.704100 0.281727 0.278377 0.025510
1 0.506357 0.766775 0.233495 0.031888
1 0.267363 0.887307 0.375448 0.031888
1 0.533238 0.953456 0.269059 0.031888
1 0.092048 0.243786 0.010757 0.019258
2 0.837840 0.461604 0.010757 0.019258
2 0.089457 0.938736 0.010757 0.019258
3 0.973827 0.231389 0.010232 0.019082
3 0.856010 0.404228 0.010232 0.019082
