0 0.487597 0.364001 0.358303 0.017212
0 0.264103 0.162603 0.060039 0.017212
0 0.453363 0.134214 0.346920 0.017212
0 0.416864 0.530225 0.281796 0.017212
0 0.832305 0.749027 0.246691 0.017212
1 0.520321 0.691116 0.248483 0.021515
1 0.775488 0.876492 0.319552 0.021515
1 0.462921 0.718716 0.452666 0.021515
1 0.186561 0.197167 0.012996 0.012993
2 0.912555 0.967203 0.012996 0.012993
2 0.738800 0.663346 0.012996 0.012993
3 0.826063 0.726304 0.012362 0.012874
3 0.363103 0.988288 0.012362 0.012874
