0 0.333522 0.772917 0.300986 0.040161
0 0.389112 0.168843 0.559923 0.040161
0 0.522951 0.070545 0.351100 0.040161
0 0.733058 0.782475 0.056212 0.040161
0 0.686738 0.499800 0.571318 0.040161
1 0.318594 0.410559 0.458189 0.050201
1 0.909559 0.333664 0.125281 0.050201
1 0.398102 0.226124 0.195841 0.050201
1 0.278805 0.957240 0.016660 0.030318
2 0.506854 0.352576 0.016660 0.030318
2 0.920421 0.661058 0.016660 0.030318
3 0.608230 0.338530 0.015847 0.030040
3 0.679094 0.972439 0.015847 0.030040
