0 0.378140 0.862821 0.278811 0.022676
0 0.262749 0.312581 0.060435 0.022676
0 0.669820 0.730006 0.398238 0.022676
0 0.529266 0.506957 0.178323 0.022676
0 0.763335 0.154143 0.432445 0.022676
1 0.840782 0.019658 0.247217 0.028345
1 0.272509 0.026924 0.383707 0.028345
1 0.435139 0.095763 0.426368 0.028345
1 0.438940 0.356606 0.011654 0.017118
2 0.470751 0.142832 0.011654 0.017118
2 0.910128 0.675260 0.011654 0.017118
3 0.939673 0.636417 0.011085 0.016961
3 0.524417 0.657944 0.011085 0.016961
