0 0.436198 0.837940 0.151221 0.019474
0 0.450002 0.086604 0.182575 0.019474
0 0.599063 0.793332 0.264137 0.019474
0 0.298788 0.601098 0.396523 0.019474
0 0.529833 0.044071 0.336168 0.019474
1 0.412106 0.238897 0.048947 0.024343
1 0.382575 0.921110 0.444499 0.024343
1 0.333764 0.018677 0.274030 0.024343
1 0.415663 0.126653 0.011716 0.014701
2 0.134817 0.430461 0.011716 0.014701
2 0.960446 0.767615 0.011716 0.014701
3 0.934118 0.472419 0.011144 0.014567
3 0.836359 0.661966 0.011144 0.014567
