0 0.638808 0.368709 0.110525 0.025773
0 0.663279 0.510890 0.276439 0.025773
0 0.678809 0.591996 0.478412 0.025773
0 0.247912 0.347109 0.129978 0.025773
0 0.539851 0.559940 0.288238 0.025773
1 0.487944 0.643941 0.586932 0.032216
1 0.676348 0.738671 0.430571 0.032216
1 0.331458 0.424850 0.392410 0.032216
1 0.014544 0.176620 0.015496 0.019457
2 0.571926 0.703103 0.015496 0.019457
2 0.166830 0.546920 0.015496 0.019457
3 0.314072 0.176831 0.014740 0.019278
3 0.098938 0.399373 0.014740 0.019278
