0 0.766514 0.160097 0.165994 0.017513
0 0.855924 0.025983 0.068477 0.017513
0 0.478301 0.780238 0.050081 0.017513
0 0.588436 0.839488 0.435496 0.017513
0 0.533160 0.974673 0.735459 0.017513
1 0.620433 0.906250 0.384887 0.021891
1 0.367324 0.299178 0.554981 0.021891
1 0.646250 0.684080 0.228513 0.021891
1 0.977166 0.225534 0.019660 0.013221
2 0.440474 0.949190 0.019660 0.013221
2 0.332355 0.188094 0.019660 0.013221
3 0.876840 0.842722 0.018701 0.013100
3 0.317412 0.530574 0.018701 0.013100
