0 0.811387 0.803673 0.262857 0.017050
0 0.992903 0.728048 0.009937 0.017050
0 0.713744 0.240436 0.394896 0.017050
0 0.495885 0.919352 0.365776 0.017050
0 0.841128 0.504414 0.272911 0.017050
1 0.762577 0.585988 0.346447 0.021313
1 0.207478 0.202867 0.347355 0.021313
1 0.208859 0.804719 0.113280 0.021313
1 0.180492 0.890521 0.011369 0.012872
2 0.389776 0.331044 0.011369 0.012872
2 0.433317 0.316247 0.011369 0.012872
3 0.669189 0.212443 0.010814 0.012754
3 0.231985 0.672693 0.010814 0.012754
