0 0.950565 0.769089 0.098340 0.018622
0 0.416623 0.242923 0.140032 0.018622
0 0.621053 0.734968 0.684357 0.018622
0 0.751238 0.178185 0.086341 0.018622
0 0.580555 0.562712 0.682886 0.018622
1 0.425646 0.380685 0.683298 0.023277
1 0.711089 0.341375 0.153966 0.023277
1 0.388655 0.813597 0.515000 0.023277
1 0.033083 0.385309 0.019699 0.014058
2 0.698423 0.789797 0.019699 0.014058
2 0.190651 0.424019 0.019699 0.014058
3 0.199434 0.468748 0.018738 0.013929
3 0.491820 0.176072 0.018738 0.013929
