0 0.605111 0.392984 0.230586 0.034904
0 0.232134 0.952917 0.325787 0.034904
0 0.633300 0.810481 0.263519 0.034904
0 0.743397 0.975455 0.423830 0.034904
0 0.567917 0.096294 0.261102 0.034904
1 0.751976 0.447776 0.257733 0.043630
1 0.585909 0.577521 0.425427 0.043630
1 0.551457 0.665543 0.221010 0.043630
1 0.378436 0.910039 0.011533 0.026350
2 0.898249 0.351439 0.011533 0.026350
2 0.957206 0.777828 0.011533 0.026350
3 0.083119 0.533840 0.010970 0.026108
3 0.007462 0.602419 0.010970 0.026108
