0 0.841245 0.521900 0.149125 0.026008
0 0.423321 0.232076 0.249764 0.026008
0 0.655868 0.678402 0.008989 0.026008
0 0.271061 0.596985 0.066216 0.026008
0 0.410200 0.196292 0.235761 0.026008
1 0.614769 0.714015 0.377671 0.032510
1 0.887908 0.863498 0.178405 0.032510
1 0.542387 0.857552 0.403076 0.032510
1 0.018328 0.487862 0.012113 0.019634
2 0.089537 0.765728 0.012113 0.019634
2 0.683018 0.762302 0.012113 0.019634
3 0.794714 0.937873 0.011522 0.019454
3 0.130871 0.323939 0.011522 0.019454
