0 0.971546 0.606182 0.052764 0.022989
0 0.232416 0.916389 0.327459 0.022989
0 0.729466 0.214057 0.432168 0.022989
0 0.774901 0.530571 0.275686 0.022989
0 0.070551 0.401629 0.052210 0.022989
1 0.737274 0.259487 0.170593 0.028736
1 0.340938 0.593928 0.392138 0.028736
1 0.736841 0.038894 0.498237 0.028736
1 0.214172 0.052422 0.014227 0.017354
2 0.022180 0.173309 0.014227 0.017354
2 0.225649 0.708711 0.014227 0.017354
3 0.889110 0.436410 0.013533 0.017195
3 0.278976 0.158041 0.013533 0.017195
