0 0.197403 0.396273 0.196280 0.043860
0 0.421267 0.157097 0.352135 0.043860
0 0.583657 0.430630 0.401039 0.043860
0 0.478324 0.327129 0.017870 0.043860
0 0.062213 0.739705 0.043157 0.043860
1 0.633003 0.572869 0.050996 0.054825
1 0.698109 0.785931 0.530918 0.054825
1 0.210250 0.875759 0.184941 0.054825
1 0.918359 0.075802 0.014157 0.033110
2 0.398098 0.710166 0.014157 0.033110
2 0.621078 0.626581 0.014157 0.033110
3 0.453633 0.842702 0.013466 0.032807
3 0.718770 0.697791 0.013466 0.032807
