0 0.407741 0.094150 0.006759 0.026991
0 0.532786 0.296490 0.042655 0.026991
0 0.661413 0.637302 0.219840 0.026991
0 0.212741 0.733622 0.201325 0.026991
0 0.389999 0.200074 0.080707 0.026991
1 0.654862 0.592341 0.395743 0.033738
1 0.449247 0.353516 0.227893 0.033738
1 0.354788 0.442142 0.091948 0.033738
1 0.243876 0.308114 0.011073 0.020376
2 0.935520 0.925120 0.011073 0.020376
2 0.701933 0.689751 0.011073 0.020376
3 0.136522 0.553764 0.010532 0.020189
3 0.782715 0.984798 0.010532 0.020189
