0 0.436862 0.812971 0.269426 0.016461
0 0.336435 0.881748 0.508682 0.016461
0 0.806298 0.459774 0.142998 0.016461
0 0.566338 0.350923 0.231767 0.016461
0 0.488290 0.644146 0.051566 0.016461
1 0.619732 0.708884 0.341685 0.020576
1 0.387013 0.055413 0.119661 0.020576
1 0.161963 0.799466 0.237289 0.020576
1 0.641641 0.225290 0.013515 0.012427
2 0.815015 0.299942 0.013515 0.012427
2 0.188621 0.735034 0.013515 0.012427
3 0.668599 0.142212 0.012855 0.012313
3 0.737862 0.285170 0.012855 0.012313
