0 0.872332 0.581470 0.051500 0.023923
0 0.628915 0.140573 0.570103 0.023923
0 0.430599 0.750289 0.727351 0.023923
0 0.473409 0.901369 0.236203 0.023923
0 0.503252 0.589681 0.290145 0.023923
1 0.400667 0.690701 0.301928 0.029904
1 0.468569 0.231169 0.567869 0.029904
1 0.534017 0.357302 0.044971 0.029904
1 0.612539 0.913901 0.019133 0.018060
2 0.416543 0.323701 0.019133 0.018060
2 0.146970 0.791303 0.019133 0.018060
3 0.249602 0.809719 0.018199 0.017895
3 0.932372 0.325199 0.018199 0.017895
