0 0.168367 0.440642 0.190622 0.023781
0 0.562700 0.476909 0.696935 0.023781
0 0.714881 0.933161 0.490679 0.023781
0 0.302607 0.053375 0.232785 0.023781
0 0.665590 0.427646 0.076823 0.023781
1 0.659888 0.073183 0.217206 0.029727
1 0.141327 0.112608 0.063882 0.029727
1 0.359252 0.395943 0.151322 0.029727
1 0.837564 0.619621 0.018721 0.017953
2 0.688228 0.142908 0.018721 0.017953
2 0.265640 0.563411 0.018721 0.017953
3 0.508405 0.237503 0.017807 0.017788
3 0.758778 0.536034 0.017807 0.017788
