0 0.607826 0.491078 0.461479 0.024242
0 0.695690 0.143688 0.457594 0.024242
0 0.602628 0.618667 0.559840 0.024242
0 0.461217 0.707602 0.549760 0.024242
0 0.483676 0.207612 0.535130 0.024242
1 0.797704 0.658260 0.133175 0.030303
1 0.379490 0.242809 0.258586 0.030303
1 0.539306 0.984228 0.668656 0.030303
1 0.036112 0.267483 0.018827 0.018301
2 0.088226 0.439416 0.018827 0.018301
2 0.782198 0.813148 0.018827 0.018301
3 0.947088 0.488209 0.017908 0.018133
3 0.837475 0.227447 0.017908 0.018133
