0 0.155260 0.502105 0.259803 0.038023
0 0.495696 0.216913 0.020293 0.038023
0 0.436736 0.452872 0.474335 0.038023
0 0.671766 0.629071 0.487297 0.038023
0 0.204007 0.776573 0.279075 0.038023
1 0.622376 0.738819 0.168865 0.047529
1 0.641664 0.071674 0.167878 0.047529
1 0.250981 0.902181 0.491567 0.047529
1 0.953654 0.022279 0.014774 0.028704
2 0.531172 0.887946 0.014774 0.028704
2 0.945823 0.627804 0.014774 0.028704
3 0.621729 0.808090 0.014053 0.028441
3 0.028236 0.204132 0.014053 0.028441
