0 0.326580 0.250814 0.010098 0.016992
0 0.508221 0.121699 0.455117 0.016992
0 0.679414 0.709796 0.315603 0.016992
0 0.542646 0.404996 0.408810 0.016992
0 0.795044 0.878227 0.300507 0.016992
1 0.175531 0.156075 0.320317 0.021240
1 0.741396 0.836568 0.088030 0.021240
1 0.212670 0.787311 0.365095 0.021240
1 0.644755 0.779377 0.016413 0.012828
2 0.789287 0.531005 0.016413 0.012828
2 0.917202 0.189715 0.016413 0.012828
3 0.160541 0.880538 0.015612 0.012710
3 0.397686 0.641099 0.015612 0.012710
