0 0.233011 0.697288 0.031047 0.029155
0 0.499146 0.303235 0.226420 0.029155
0 0.454529 0.176761 0.162960 0.029155
0 0.833910 0.509355 0.104717 0.029155
0 0.255538 0.119994 0.344981 0.029155
1 0.525942 0.540317 0.137039 0.036443
1 0.646863 0.101777 0.218787 0.036443
1 0.401079 0.360574 0.127496 0.036443
1 0.766669 0.430582 0.010705 0.022009
2 0.402690 0.512681 0.010705 0.022009
2 0.470808 0.461604 0.010705 0.022009
3 0.681601 0.282255 0.010182 0.021808
3 0.630537 0.563158 0.010182 0.021808
