0 0.324439 0.786366 0.243642 0.047506
0 0.754823 0.661223 0.334343 0.047506
0 0.439835 0.048781 0.166156 0.047506
0 0.354221 0.438089 0.340945 0.047506
0 0.754887 0.348983 0.219872 0.047506
1 0.154128 0.635825 0.186820 0.059382
1 0.699011 0.549520 0.307170 0.059382
1 0.519317 0.872513 0.283401 0.059382
1 0.362140 0.107973 0.012292 0.035863
2 0.163347 0.384257 0.012292 0.035863
2 0.700666 0.800467 0.012292 0.035863
3 0.294877 0.376392 0.011692 0.035534
3 0.454083 0.208066 0.011692 0.035534
