0 0.457027 0.715330 0.763927 0.016863
0 0.483210 0.370825 0.272661 0.016863
0 0.617302 0.792327 0.740509 0.016863
0 0.397272 0.917986 0.323595 0.016863
0 0.202865 0.426851 0.248228 0.016863
1 0.395124 0.022213 0.726971 0.021079
1 0.657787 0.974040 0.292770 0.021079
1 0.293740 0.539170 0.199934 0.021079
1 0.864689 0.394385 0.020116 0.012730
2 0.484141 0.488213 0.020116 0.012730
2 0.658097 0.670883 0.020116 0.012730
3 0.942389 0.737479 0.019134 0.012614
3 0.227718 0.322391 0.019134 0.012614
