0 0.946563 0.580913 0.101540 0.040161
0 0.227784 0.812565 0.081220 0.040161
0 0.615871 0.237907 0.341265 0.040161
0 0.512585 0.687830 0.121648 0.040161
0 0.185790 0.303479 0.069665 0.040161
1 0.437255 0.530301 0.560948 0.050201
1 0.197791 0.932896 0.335882 0.050201
1 0.388469 0.389947 0.564846 0.050201
1 0.546209 0.444204 0.018077 0.030318
2 0.920857 0.217710 0.018077 0.030318
2 0.640591 0.608054 0.018077 0.030318
3 0.642347 0.317587 0.017195 0.030040
3 0.117876 0.568003 0.017195 0.030040
