0 0.330506 0.738691 0.191852 0.025974
0 0.820999 0.269706 0.225659 0.025974
0 0.972806 0.917678 0.018540 0.025974
0 0.391010 0.964483 0.277709 0.025974
0 0.394664 0.441670 0.123669 0.025974
1 0.727051 0.315667 0.415658 0.032468
1 0.462278 0.614546 0.534748 0.032468
1 0.712887 0.890608 0.084534 0.032468
1 0.041464 0.328595 0.017058 0.019608
2 0.027278 0.696371 0.017058 0.019608
2 0.222705 0.064327 0.017058 0.019608
3 0.206272 0.526088 0.016225 0.019429
3 0.988215 0.768183 0.016225 0.019429
