0 0.422752 0.158775 0.604340 0.052493
0 0.692960 0.398017 0.283569 0.052493
0 0.464073 0.303436 0.761212 0.052493
0 0.664385 0.952676 0.126676 0.052493
0 0.862511 0.078733 0.086595 0.052493
1 0.628985 0.515370 0.274783 0.065617
1 0.562799 0.705435 0.789127 0.065617
1 0.387722 0.074942 0.641628 0.065617
1 0.339237 0.498021 0.020177 0.039628
2 0.309243 0.509719 0.020177 0.039628
2 0.419368 0.433210 0.020177 0.039628
3 0.237218 0.433285 0.019192 0.039265
3 0.800520 0.949608 0.019192 0.039265
