0 0.582424 0.025890 0.638940 0.017668
0 0.781625 0.763428 0.030585 0.017668
0 0.681196 0.809542 0.239517 0.017668
0 0.670311 0.697128 0.532431 0.017668
0 0.365700 0.727339 0.645425 0.017668
1 0.530092 0.442937 0.277470 0.022085
1 0.541672 0.402843 0.550613 0.022085
1 0.537371 0.584973 0.474754 0.022085
1 0.875601 0.083593 0.017220 0.013338
2 0.508237 0.245524 0.017220 0.013338
2 0.768781 0.045490 0.017220 0.013338
3 0.897775 0.467542 0.016379 0.013216
3 0.925387 0.228524 0.016379 0.013216
