0 0.513173 0.666186 0.011391 0.052910
0 0.595674 0.189451 0.283973 0.052910
0 0.616033 0.326156 0.440003 0.052910
0 0.718047 0.499910 0.014228 0.052910
0 0.640189 0.257467 0.106596 0.052910
1 0.437306 0.585285 0.548385 0.066138
1 0.196634 0.078920 0.065697 0.066138
1 0.344142 0.771425 0.220173 0.066138
1 0.782356 0.512945 0.015891 0.039943
2 0.945726 0.611149 0.015891 0.039943
2 0.072148 0.595740 0.015891 0.039943
3 0.733588 0.870489 0.015115 0.039577
3 0.615277 0.067477 0.015115 0.039577
