0 0.412616 0.776692 0.459109 0.030960
0 0.383932 0.708495 0.487705 0.030960
0 0.637787 0.857579 0.310347 0.030960
0 0.606327 0.038757 0.294604 0.030960
0 0.522193 0.813831 0.528973 0.030960
1 0.177143 0.546504 0.051824 0.038700
1 0.489431 0.595371 0.521570 0.038700
1 0.390816 0.106713 0.267726 0.038700
1 0.359493 0.172134 0.014940 0.023372
2 0.849232 0.553432 0.014940 0.023372
2 0.810230 0.919870 0.014940 0.023372
3 0.187369 0.855893 0.014211 0.023158
3 0.919223 0.774321 0.014211 0.023158
