0 0.469223 0.756998 0.606185 0.038168
0 0.556201 0.895720 0.422204 0.038168
0 0.532834 0.053096 0.175207 0.038168
0 0.534271 0.292587 0.332966 0.038168
0 0.503414 0.546110 0.672705 0.038168
1 0.234109 0.475302 0.407511 0.047710
1 0.765910 0.163044 0.315982 0.047710
1 0.606692 0.692098 0.478593 0.047710
1 0.874800 0.526262 0.017058 0.028814
2 0.644941 0.436888 0.017058 0.028814
2 0.316598 0.232424 0.017058 0.028814
3 0.120630 0.029592 0.016225 0.028550
3 0.092864 0.557241 0.016225 0.028550
