0 0.763690 0.271479 0.425125 0.020263
0 0.391903 0.926743 0.556141 0.020263
0 0.527095 0.295823 0.535735 0.020263
0 0.568397 0.136269 0.082877 0.020263
0 0.340157 0.353075 0.605680 0.020263
1 0.379917 0.745399 0.717407 0.025329
1 0.438000 0.544880 0.766931 0.025329
1 0.193462 0.382596 0.115751 0.025329
1 0.067821 0.126687 0.019583 0.015297
2 0.720460 0.190628 0.019583 0.015297
2 0.856730 0.202627 0.019583 0.015297
3 0.762324 0.053688 0.018627 0.015157
3 0.684417 0.801643 0.018627 0.015157
