0 0.196884 0.104519 0.121380 0.019268
0 0.543482 0.497829 0.603249 0.019268
0 0.824824 0.023430 0.187021 0.019268
0 0.476826 0.794920 0.370738 0.019268
0 0.278726 0.395422 0.464530 0.019268
1 0.573137 0.077062 0.590031 0.024085
1 0.272537 0.276590 0.242193 0.024085
1 0.527058 0.668395 0.514029 0.024085
1 0.504661 0.944466 0.302873 0.024085
2 0.641468 0.326839 0.016346 0.014546
2 0.866776 0.866323 0.016346 0.014546
3 0.402545 0.844238 0.015548 0.014412
3 0.667362 0.724528 0.015548 0.014412
