0 0.632359 0.489061 0.039019 0.047847
0 0.292448 0.670490 0.419678 0.047847
0 0.676726 0.942086 0.491676 0.047847
0 0.228735 0.806710 0.285542 0.047847
0 0.744706 0.209765 0.221514 0.047847
1 0.811624 0.769216 0.102475 0.059809
1 0.473025 0.328010 0.436267 0.059809
1 0.118338 0.346453 0.101031 0.059809
1 0.012520 0.901465 0.014698 0.036120
2 0.634198 0.064784 0.014698 0.036120
2 0.562723 0.541413 0.014698 0.036120
3 0.338659 0.207757 0.013981 0.035789
3 0.375942 0.591400 0.013981 0.035789
