0 0.479175 0.493068 0.250970 0.041580
0 0.430409 0.785338 0.450140 0.041580
0 0.391634 0.893131 0.142615 0.041580
0 0.530828 0.438604 0.312429 0.041580
0 0.666836 0.336284 0.571043 0.041580
1 0.602167 0.075168 0.437694 0.051975
1 0.191456 0.045717 0.205120 0.051975
1 0.808971 0.522260 0.253341 0.051975
1 0.650228 0.947148 0.015133 0.031389
2 0.368334 0.384794 0.015133 0.031389
2 0.281115 0.695561 0.015133 0.031389
3 0.019644 0.157574 0.014394 0.031102
3 0.833684 0.581256 0.014394 0.031102
