0 0.477881 0.579608 0.516275 0.018868
0 0.389270 0.234791 0.127680 0.018868
0 0.496122 0.437539 0.413042 0.018868
0 0.741565 0.289916 0.075873 0.018868
0 0.693864 0.498268 0.368416 0.018868
1 0.802368 0.438266 0.193799 0.023585
1 0.625552 0.126327 0.406866 0.023585
1 0.843814 0.942807 0.304855 0.023585
1 0.181585 0.674634 0.013021 0.014244
2 0.821123 0.466374 0.013021 0.014244
2 0.142330 0.156404 0.013021 0.014244
3 0.239423 0.086660 0.012386 0.014113
3 0.208603 0.288313 0.012386 0.014113
