0 0.390181 0.075335 0.211623 0.025031
0 0.362425 0.690159 0.238187 0.025031
0 0.782854 0.624306 0.123114 0.025031
0 0.562074 0.226558 0.313325 0.025031
0 0.710613 0.663668 0.278931 0.025031
1 0.697524 0.883631 0.185436 0.031289
1 0.202719 0.291758 0.121402 0.031289
1 0.348717 0.418545 0.244339 0.031289
1 0.418405 0.893196 0.010155 0.018897
2 0.959678 0.392734 0.010155 0.018897
2 0.201365 0.909904 0.010155 0.018897
3 0.504852 0.743061 0.009659 0.018723
3 0.895665 0.864367 0.009659 0.018723
