0 0.262107 0.085778 0.033339 0.018484
0 0.720629 0.096661 0.398103 0.018484
0 0.260627 0.549394 0.123883 0.018484
0 0.385929 0.420928 0.404127 0.018484
0 0.224224 0.618169 0.210017 0.018484
1 0.402326 0.211834 0.213729 0.023105
1 0.340412 0.068838 0.028916 0.023105
1 0.098432 0.861898 0.083658 0.023105
1 0.875148 0.140483 0.013949 0.013954
2 0.201424 0.640916 0.013949 0.013954
2 0.049927 0.222078 0.013949 0.013954
3 0.679341 0.156236 0.013268 0.013826
3 0.851176 0.642806 0.013268 0.013826
