0 0.635391 0.475179 0.385273 0.028090
0 0.527683 0.975006 0.391780 0.028090
0 0.265912 0.617874 0.335376 0.028090
0 0.529898 0.192131 0.307942 0.028090
0 0.364064 0.722709 0.297252 0.028090
1 0.561155 0.414014 0.185365 0.035112
1 0.598640 0.660308 0.385649 0.035112
1 0.193963 0.534980 0.379738 0.035112
1 0.087308 0.080202 0.010546 0.021206
2 0.111545 0.783789 0.010546 0.021206
2 0.806270 0.981542 0.010546 0.021206
3 0.288167 0.015685 0.010032 0.021011
3 0.976665 0.815567 0.010032 0.021011
