0 0.443530 0.322196 0.049137 0.018587
0 0.623597 0.119803 0.150700 0.018587
0 0.284284 0.832342 0.381166 0.018587
0 0.510100 0.884033 0.245151 0.018587
0 0.333309 0.275147 0.474913 0.018587
1 0.270513 0.780230 0.299241 0.023234
1 0.880815 0.907753 0.218335 0.023234
1 0.345501 0.919110 0.459328 0.023234
1 0.399628 0.663641 0.012158 0.014032
2 0.762978 0.754799 0.012158 0.014032
2 0.584862 0.091812 0.012158 0.014032
3 0.288828 0.497619 0.011564 0.013903
3 0.900587 0.422319 0.011564 0.013903
