0 0.535052 0.939076 0.253409 0.046404
0 0.647767 0.434238 0.398732 0.046404
0 0.391306 0.348454 0.488590 0.046404
0 0.824936 0.285978 0.014179 0.046404
0 0.838623 0.590653 0.187426 0.046404
1 0.565409 0.746931 0.252013 0.058005
1 0.496895 0.591334 0.243401 0.058005
1 0.664961 0.053898 0.177262 0.058005
1 0.772502 0.175215 0.012484 0.035031
2 0.474886 0.068324 0.012484 0.035031
2 0.138418 0.778742 0.012484 0.035031
3 0.503208 0.294122 0.011875 0.034710
3 0.217886 0.437131 0.011875 0.034710
