0 0.301937 0.665912 0.444599 0.016247
0 0.786953 0.233313 0.140917 0.016247
0 0.842266 0.403356 0.170510 0.016247
0 0.432297 0.690007 0.229423 0.016247
0 0.369576 0.170850 0.370839 0.016247
1 0.283930 0.290721 0.063490 0.020309
1 0.449424 0.323286 0.200586 0.020309
1 0.241424 0.123737 0.348033 0.020309
1 0.037157 0.232857 0.012143 0.012265
2 0.071071 0.760004 0.012143 0.012265
2 0.881369 0.658612 0.012143 0.012265
3 0.306422 0.023289 0.011550 0.012153
3 0.209037 0.220145 0.011550 0.012153
