0 0.205521 0.215992 0.186629 0.027360
0 0.539143 0.534779 0.413308 0.027360
0 0.201430 0.370322 0.230598 0.027360
0 0.277447 0.317866 0.020684 0.027360
0 0.706942 0.083487 0.497528 0.027360
1 0.540365 0.951144 0.025806 0.034200
1 0.515922 0.672540 0.439841 0.034200
1 0.357811 0.936946 0.320679 0.034200
1 0.009633 0.860527 0.013013 0.020654
2 0.237751 0.076927 0.013013 0.020654
2 0.719096 0.213770 0.013013 0.020654
3 0.255619 0.677408 0.012378 0.020465
3 0.949814 0.531723 0.012378 0.020465
