0 0.659085 0.171525 0.304655 0.022472
0 0.434922 0.504189 0.401568 0.022472
0 0.548481 0.689487 0.032132 0.022472
0 0.781145 0.304085 0.298890 0.022472
0 0.317434 0.582857 0.291782 0.022472
1 0.263940 0.690009 0.398215 0.028090
1 0.280813 0.623039 0.366600 0.028090
1 0.149732 0.466675 0.136990 0.028090
1 0.494999 0.269674 0.011940 0.016964
2 0.300506 0.095928 0.011940 0.016964
2 0.219482 0.328933 0.011940 0.016964
3 0.236463 0.533059 0.011357 0.016809
3 0.617941 0.634753 0.011357 0.016809
