0 0.381162 0.651705 0.094327 0.030534
0 0.738656 0.565264 0.518297 0.030534
0 0.857260 0.055537 0.064629 0.030534
0 0.516261 0.835054 0.706863 0.030534
0 0.447650 0.290659 0.629258 0.030534
1 0.352358 0.179759 0.559500 0.038168
1 0.311656 0.115790 0.506728 0.038168
1 0.353581 0.229978 0.263598 0.038168
1 0.431049 0.339090 0.018773 0.023051
2 0.576770 0.355704 0.018773 0.023051
2 0.050247 0.736836 0.018773 0.023051
3 0.074192 0.358651 0.017857 0.022840
3 0.948361 0.431460 0.017857 0.022840
