0 0.466842 0.756484 0.057051 0.032573
0 0.260327 0.525462 0.242380 0.032573
0 0.593843 0.161392 0.508896 0.032573
0 0.637095 0.686639 0.083501 0.032573
0 0.368424 0.932450 0.603211 0.032573
1 0.477525 0.334071 0.533241 0.040717
1 0.763080 0.458388 0.106072 0.040717
1 0.313201 0.616513 0.567656 0.040717
1 0.797654 0.121985 0.015365 0.024590
2 0.943778 0.828600 0.015365 0.024590
2 0.632939 0.289284 0.015365 0.024590
3 0.127333 0.839194 0.014615 0.024365
3 0.271309 0.766311 0.014615 0.024365
