0 0.483378 0.453916 0.418284 0.021413
0 0.453803 0.868882 0.181470 0.021413
0 0.648488 0.170356 0.481505 0.021413
0 0.616712 0.775641 0.533159 0.021413
0 0.483993 0.587136 0.370512 0.021413
1 0.290261 0.659735 0.571043 0.026767
1 0.404565 0.733620 0.182230 0.026767
1 0.536943 0.095630 0.236898 0.026767
1 0.792715 0.445139 0.014268 0.016165
2 0.361097 0.559123 0.014268 0.016165
2 0.385185 0.696184 0.014268 0.016165
3 0.860496 0.612062 0.013571 0.016017
3 0.927024 0.246013 0.013571 0.016017
