0 0.486584 0.888404 0.359688 0.019841
0 0.354771 0.294353 0.383235 0.019841
0 0.392271 0.432363 0.487410 0.019841
0 0.474648 0.348531 0.374455 0.019841
0 0.419365 0.044195 0.084000 0.019841
1 0.220991 0.797297 0.339177 0.024802
1 0.285631 0.671341 0.263844 0.024802
1 0.629274 0.169060 0.422333 0.024802
1 0.889245 0.085749 0.012547 0.014979
2 0.898682 0.691783 0.012547 0.014979
2 0.157298 0.756156 0.012547 0.014979
3 0.071876 0.693874 0.011935 0.014841
3 0.953964 0.531345 0.011935 0.014841
