0 0.587637 0.254052 0.453418 0.048662
0 0.209404 0.741617 0.077843 0.048662
0 0.645189 0.353256 0.297107 0.048662
0 0.682499 0.687822 0.292174 0.048662
0 0.752056 0.893547 0.390542 0.048662
1 0.068374 0.504010 0.135361 0.060827
1 0.180072 0.643546 0.224086 0.060827
1 0.393618 0.175130 0.157484 0.060827
1 0.468041 0.568850 0.011486 0.036736
2 0.279347 0.388490 0.011486 0.036736
2 0.795365 0.458651 0.011486 0.036736
3 0.287907 0.091079 0.010926 0.036399
3 0.360168 0.726198 0.010926 0.036399
