0 0.703687 0.618842 0.235011 0.017715
0 0.304691 0.252592 0.382168 0.017715
0 0.306644 0.283643 0.326711 0.017715
0 0.332725 0.422562 0.533197 0.017715
0 0.753671 0.460941 0.339397 0.017715
1 0.429574 0.878624 0.435509 0.022143
1 0.584216 0.649467 0.506753 0.022143
1 0.468890 0.079325 0.300824 0.022143
1 0.265135 0.091859 0.013795 0.013373
2 0.805782 0.520750 0.013795 0.013373
2 0.778990 0.919831 0.013795 0.013373
3 0.793197 0.694848 0.013122 0.013251
3 0.718243 0.178751 0.013122 0.013251
