0 0.533047 0.722737 0.633695 0.020408
0 0.505365 0.320515 0.542385 0.020408
0 0.662319 0.916172 0.664558 0.020408
0 0.715445 0.274830 0.138590 0.020408
0 0.737121 0.206543 0.184516 0.020408
1 0.744041 0.689466 0.181767 0.025510
1 0.426536 0.112319 0.073320 0.025510
1 0.595869 0.610321 0.602592 0.025510
1 0.974770 0.501147 0.017400 0.015406
2 0.194532 0.931348 0.017400 0.015406
2 0.885302 0.546403 0.017400 0.015406
3 0.114076 0.598536 0.016551 0.015265
3 0.771906 0.144630 0.016551 0.015265
