0 0.635502 0.466610 0.356705 0.033223
0 0.542211 0.840968 0.113131 0.033223
0 0.474158 0.271213 0.352253 0.033223
0 0.647269 0.758991 0.348004 0.033223
0 0.813859 0.941790 0.267696 0.033223
1 0.732392 0.083852 0.139232 0.041528
1 0.338092 0.534675 0.364898 0.041528
1 0.143774 0.756309 0.022145 0.041528
1 0.063640 0.908118 0.010625 0.025080
2 0.188583 0.654568 0.010625 0.025080
2 0.724792 0.847144 0.010625 0.025080
3 0.959522 0.169667 0.010106 0.024850
3 0.440848 0.031573 0.010106 0.024850
