0 0.186382 0.130278 0.289171 0.016340
0 0.423635 0.704233 0.340349 0.016340
0 0.324791 0.750274 0.498085 0.016340
0 0.519007 0.815608 0.313011 0.016340
0 0.351992 0.901219 0.496125 0.016340
1 0.386542 0.540935 0.305361 0.020425
1 0.296019 0.322577 0.397228 0.020425
1 0.564569 0.048393 0.389016 0.020425
1 0.537519 0.019517 0.012962 0.012335
2 0.817427 0.919531 0.012962 0.012335
2 0.520651 0.319906 0.012962 0.012335
3 0.811519 0.470453 0.012330 0.012222
3 0.777756 0.471495 0.012330 0.012222
