0 0.871322 0.183001 0.122875 0.018921
0 0.725518 0.076662 0.301947 0.018921
0 0.755025 0.351819 0.037069 0.018921
0 0.278068 0.973643 0.142631 0.018921
0 0.353969 0.941131 0.177142 0.018921
1 0.659007 0.753746 0.292046 0.023652
1 0.852119 0.153251 0.083550 0.023652
1 0.370249 0.802787 0.406075 0.023652
1 0.617816 0.231316 0.307049 0.023652
2 0.388392 0.668742 0.010202 0.014284
2 0.361440 0.589210 0.010202 0.014284
3 0.670939 0.597393 0.009704 0.014153
3 0.527226 0.913360 0.009704 0.014153
