0 0.538486 0.215093 0.201110 0.017699
0 0.352775 0.112655 0.612815 0.017699
0 0.586008 0.459323 0.539215 0.017699
0 0.599807 0.243970 0.549894 0.017699
0 0.483533 0.977265 0.603867 0.017699
1 0.685384 0.820292 0.529041 0.022124
1 0.784885 0.374262 0.272671 0.022124
1 0.509553 0.062884 0.622687 0.022124
1 0.066474 0.630924 0.017963 0.013361
2 0.025385 0.063145 0.017963 0.013361
2 0.364740 0.949921 0.017963 0.013361
3 0.827280 0.302985 0.017086 0.013239
3 0.951004 0.565601 0.017086 0.013239
