0 0.790690 0.405672 0.073306 0.016694
0 0.978106 0.636412 0.014207 0.016694
0 0.329665 0.637421 0.248410 0.016694
0 0.399703 0.453796 0.243883 0.016694
0 0.529390 0.394372 0.093639 0.016694
1 0.083776 0.593246 0.071771 0.020868
1 0.017365 0.020675 0.032689 0.020868
1 0.684188 0.131947 0.498671 0.020868
1 0.403864 0.581735 0.012469 0.012603
2 0.073151 0.456225 0.012469 0.012603
2 0.671416 0.592041 0.012469 0.012603
3 0.523058 0.325663 0.011860 0.012487
3 0.447075 0.975877 0.011860 0.012487
