0 0.736057 0.497074 0.096324 0.024691
0 0.644819 0.607890 0.203903 0.024691
0 0.849272 0.526104 0.158063 0.024691
0 0.261350 0.661371 0.372833 0.024691
0 0.482500 0.480987 0.271492 0.024691
1 0.456560 0.352784 0.350275 0.030864
1 0.187477 0.774852 0.241767 0.030864
1 0.863319 0.618794 0.038326 0.030864
1 0.555105 0.284050 0.010659 0.018640
2 0.328648 0.390910 0.010659 0.018640
2 0.180449 0.932577 0.010659 0.018640
3 0.310053 0.463887 0.010139 0.018469
3 0.912379 0.557279 0.010139 0.018469
