0 0.558943 0.317078 0.481985 0.018622
0 0.042870 0.251435 0.015256 0.018622
0 0.619466 0.226671 0.467302 0.018622
0 0.436119 0.824386 0.325096 0.018622
0 0.447249 0.482965 0.008927 0.018622
1 0.749460 0.268941 0.164096 0.023277
1 0.174198 0.587857 0.324545 0.023277
1 0.215191 0.239292 0.094451 0.023277
1 0.580276 0.582859 0.013220 0.014058
2 0.090651 0.645417 0.013220 0.014058
2 0.929874 0.012227 0.013220 0.014058
3 0.533249 0.294354 0.012574 0.013929
3 0.554424 0.756988 0.012574 0.013929
