0 0.660503 0.751811 0.417304 0.054496
0 0.357309 0.382221 0.336460 0.054496
0 0.728131 0.137424 0.281628 0.054496
0 0.227674 0.063838 0.281771 0.054496
0 0.501673 0.946989 0.257633 0.054496
1 0.869988 0.370626 0.228245 0.068120
1 0.696239 0.655676 0.329400 0.068120
1 0.271116 0.937266 0.047174 0.068120
1 0.250596 0.613430 0.010602 0.041140
2 0.573262 0.072554 0.010602 0.041140
2 0.635426 0.209701 0.010602 0.041140
3 0.139480 0.602879 0.010085 0.040763
3 0.267667 0.698849 0.010085 0.040763
