0 0.510442 0.543035 0.094720 0.019102
0 0.113369 0.615786 0.021876 0.019102
0 0.325580 0.317559 0.234587 0.019102
0 0.483442 0.782306 0.452336 0.019102
0 0.473357 0.612762 0.204671 0.019102
1 0.591645 0.820698 0.162148 0.023878
1 0.795735 0.643005 0.318098 0.023878
1 0.874665 0.335011 0.123199 0.023878
1 0.086768 0.053160 0.015816 0.014421
2 0.952280 0.490905 0.015816 0.014421
2 0.017050 0.825927 0.015816 0.014421
3 0.460236 0.366928 0.015044 0.014288
3 0.588786 0.239643 0.015044 0.014288
