0 0.434767 0.478029 0.313328 0.019493
0 0.532773 0.652154 0.418423 0.019493
0 0.542726 0.597376 0.457111 0.019493
0 0.217615 0.323661 0.146597 0.019493
0 0.375861 0.093830 0.425318 0.019493
1 0.157697 0.734950 0.175670 0.024366
1 0.270817 0.876685 0.094357 0.024366
1 0.500850 0.564992 0.165193 0.024366
1 0.156323 0.057850 0.013361 0.014716
2 0.173767 0.689168 0.013361 0.014716
2 0.390905 0.545889 0.013361 0.014716
3 0.749137 0.420232 0.012709 0.014581
3 0.651279 0.803055 0.012709 0.014581
