0 0.339027 0.333930 0.434691 0.023095
0 0.669073 0.815972 0.117383 0.023095
0 0.262264 0.066534 0.327582 0.023095
0 0.201475 0.514410 0.229997 0.023095
0 0.912662 0.623767 0.069563 0.023095
1 0.580029 0.461870 0.375434 0.028868
1 0.400551 0.210424 0.033387 0.028868
1 0.348067 0.019147 0.338524 0.028868
1 0.539135 0.273615 0.011349 0.017435
2 0.636386 0.658335 0.011349 0.017435
2 0.228266 0.156479 0.011349 0.017435
3 0.803621 0.300881 0.010795 0.017275
3 0.968971 0.188711 0.010795 0.017275
