0 0.685922 0.918476 0.389169 0.031153
0 0.230455 0.913813 0.226558 0.031153
0 0.289326 0.313354 0.011423 0.031153
0 0.444633 0.492965 0.357317 0.031153
0 0.767196 0.839373 0.079008 0.031153
1 0.852106 0.199772 0.178201 0.038941
1 0.432133 0.672245 0.110139 0.038941
1 0.328862 0.831805 0.194647 0.038941
1 0.879317 0.013430 0.010569 0.023518
2 0.930137 0.586743 0.010569 0.023518
2 0.992728 0.857319 0.010569 0.023518
3 0.771342 0.958756 0.010053 0.023302
3 0.896911 0.626776 0.010053 0.023302
