0 0.739200 0.708138 0.405976 0.025000
0 0.452005 0.405068 0.782340 0.025000
0 0.283027 0.546734 0.013189 0.025000
0 0.469647 0.041727 0.243388 0.025000
0 0.594262 0.138946 0.749943 0.025000
1 0.817256 0.929305 0.145006 0.031250
1 0.532565 0.811959 0.520322 0.031250
1 0.557190 0.586021 0.579931 0.031250
1 0.969312 0.467784 0.019777 0.018873
2 0.182635 0.522835 0.019777 0.018873
2 0.070863 0.283027 0.019777 0.018873
3 0.678532 0.194001 0.018812 0.018700
3 0.055008 0.692757 0.018812 0.018700
