0 0.287475 0.739893 0.346607 0.016835
0 0.456023 0.395092 0.433184 0.016835
0 0.608211 0.220415 0.509877 0.016835
0 0.936352 0.013479 0.053121 0.016835
0 0.466354 0.307074 0.435089 0.016835
1 0.580301 0.775437 0.348159 0.021044
1 0.759647 0.709956 0.054238 0.021044
1 0.157981 0.344781 0.131059 0.021044
1 0.444174 0.694722 0.032734 0.021044
2 0.306210 0.075517 0.012954 0.012709
2 0.759455 0.142857 0.012954 0.012709
3 0.358786 0.088522 0.012322 0.012593
3 0.475253 0.344583 0.012322 0.012593
