0 0.821903 0.041268 0.343026 0.023981
0 0.368542 0.937386 0.304436 0.023981
0 0.697291 0.381137 0.391517 0.023981
0 0.811393 0.906420 0.064749 0.023981
0 0.608948 0.817983 0.116577 0.023981
1 0.230959 0.818451 0.259598 0.029976
1 0.505432 0.479535 0.049481 0.029976
1 0.367999 0.706988 0.025662 0.029976
1 0.993792 0.193251 0.011141 0.018104
2 0.475255 0.023191 0.011141 0.018104
2 0.841784 0.172006 0.011141 0.018104
3 0.098556 0.040861 0.010597 0.017938
3 0.937345 0.758589 0.010597 0.017938
