0 0.718326 0.121923 0.301578 0.019531
0 0.775873 0.317830 0.063395 0.019531
0 0.639435 0.550693 0.281797 0.019531
0 0.381059 0.257204 0.574947 0.019531
0 0.594775 0.736274 0.576156 0.019531
1 0.412949 0.795164 0.070511 0.024414
1 0.278439 0.941917 0.258631 0.024414
1 0.494132 0.827172 0.570673 0.024414
1 0.482857 0.021989 0.019545 0.014744
2 0.913983 0.050704 0.019545 0.014744
2 0.818025 0.679168 0.019545 0.014744
3 0.325332 0.627369 0.018591 0.014609
3 0.388080 0.369423 0.018591 0.014609
