0 0.672535 0.836955 0.224245 0.020986
0 0.906429 0.421636 0.047108 0.020986
0 0.147659 0.113814 0.137018 0.020986
0 0.478230 0.314733 0.148293 0.020986
0 0.582514 0.246791 0.038510 0.020986
1 0.684393 0.597754 0.358987 0.026233
1 0.256201 0.513436 0.357219 0.026233
1 0.366903 0.463866 0.118776 0.026233
1 0.651404 0.878544 0.011421 0.015843
2 0.747226 0.648751 0.011421 0.015843
2 0.189788 0.794354 0.011421 0.015843
3 0.385017 0.012216 0.010863 0.015698
3 0.446430 0.276156 0.010863 0.015698
