0 0.372309 0.870461 0.433391 0.039139
0 0.290597 0.110475 0.271980 0.039139
0 0.780746 0.079819 0.042778 0.039139
0 0.486839 0.792663 0.562004 0.039139
0 0.320512 0.637646 0.346989 0.039139
1 0.336222 0.445331 0.552513 0.048924
1 0.345858 0.309663 0.511682 0.048924
1 0.427586 0.953139 0.528788 0.048924
1 0.733393 0.457619 0.015053 0.029547
2 0.071864 0.577212 0.015053 0.029547
2 0.610582 0.042924 0.015053 0.029547
3 0.914360 0.400736 0.014318 0.029276
3 0.240986 0.532298 0.014318 0.029276
