0 0.215049 0.120974 0.057877 0.042644
0 0.295360 0.881267 0.434285 0.042644
0 0.514436 0.380545 0.220005 0.042644
0 0.749695 0.771316 0.428104 0.042644
0 0.422034 0.483120 0.676512 0.042644
1 0.599244 0.295496 0.572593 0.053305
1 0.579289 0.213790 0.152377 0.053305
1 0.488512 0.623865 0.467133 0.053305
1 0.150476 0.675512 0.016942 0.032193
2 0.811705 0.446700 0.016942 0.032193
2 0.304539 0.104738 0.016942 0.032193
3 0.715160 0.025418 0.016115 0.031898
3 0.419694 0.763369 0.016115 0.031898
