0 0.528885 0.385179 0.069073 0.051282
0 0.597341 0.884031 0.420615 0.051282
0 0.406211 0.083325 0.042572 0.051282
0 0.934952 0.371762 0.046070 0.051282
0 0.473937 0.604763 0.380491 0.051282
1 0.620269 0.815782 0.217796 0.064103
1 0.424461 0.170759 0.104878 0.064103
1 0.174959 0.061237 0.253049 0.064103
1 0.384655 0.773991 0.011661 0.038714
2 0.820974 0.679624 0.011661 0.038714
2 0.127571 0.280984 0.011661 0.038714
3 0.232831 0.728401 0.011092 0.038359
3 0.815353 0.173724 0.011092 0.038359
