0 0.481655 0.192937 0.537291 0.026042
0 0.526476 0.040989 0.075193 0.026042
0 0.601367 0.657632 0.335837 0.026042
0 0.427629 0.796829 0.540695 0.026042
0 0.794527 0.377882 0.124312 0.026042
1 0.346401 0.477611 0.033810 0.032552
1 0.626708 0.563421 0.215593 0.032552
1 0.492072 0.476602 0.151026 0.032552
1 0.758796 0.493072 0.015980 0.019659
2 0.172550 0.056889 0.015980 0.019659
2 0.261791 0.846330 0.015980 0.019659
3 0.517384 0.916979 0.015200 0.019479
3 0.124744 0.363387 0.015200 0.019479
