0 0.479653 0.439702 0.316381 0.020555
0 0.168883 0.886034 0.050540 0.020555
0 0.830090 0.534320 0.241961 0.020555
0 0.409698 0.251117 0.398891 0.020555
0 0.497694 0.119629 0.041283 0.020555
1 0.247184 0.574161 0.282092 0.025694
1 0.193930 0.948698 0.121091 0.025694
1 0.854818 0.586684 0.144555 0.025694
1 0.061862 0.863090 0.013506 0.015517
2 0.700681 0.853584 0.013506 0.015517
2 0.590348 0.880147 0.013506 0.015517
3 0.216469 0.987036 0.012847 0.015375
3 0.852056 0.286315 0.012847 0.015375
