0 0.257120 0.334534 0.405912 0.035587
0 0.542726 0.107588 0.459705 0.035587
0 0.696259 0.423367 0.200113 0.035587
0 0.182932 0.921906 0.135207 0.035587
0 0.552974 0.720627 0.182189 0.035587
1 0.817146 0.333192 0.321874 0.044484
1 0.103627 0.826255 0.184926 0.044484
1 0.680484 0.615539 0.185003 0.044484
1 0.722224 0.721735 0.012353 0.026865
2 0.722451 0.675574 0.012353 0.026865
2 0.885054 0.946591 0.012353 0.026865
3 0.624511 0.034327 0.011750 0.026619
3 0.739963 0.219309 0.011750 0.026619
