0 0.495746 0.985492 0.591934 0.016821
0 0.447447 0.377312 0.221905 0.016821
0 0.386067 0.963901 0.577174 0.016821
0 0.441087 0.643561 0.248042 0.016821
0 0.287523 0.208550 0.119667 0.016821
1 0.741471 0.467391 0.206840 0.021026
1 0.543433 0.538196 0.428167 0.021026
1 0.415356 0.179212 0.352369 0.021026
1 0.098100 0.803544 0.017461 0.012698
2 0.944208 0.225827 0.017461 0.012698
2 0.083340 0.610440 0.017461 0.012698
3 0.890150 0.468581 0.016608 0.012582
3 0.852734 0.348847 0.016608 0.012582
