0 0.731019 0.020553 0.289355 0.031348
0 0.575958 0.672781 0.231608 0.031348
0 0.354525 0.224819 0.436301 0.031348
0 0.587091 0.715723 0.062849 0.031348
0 0.938226 0.467135 0.079206 0.031348
1 0.593479 0.851621 0.385394 0.039185
1 0.249599 0.512731 0.116087 0.039185
1 0.718029 0.779723 0.041909 0.039185
1 0.768056 0.684732 0.012469 0.023665
2 0.418285 0.432982 0.012469 0.023665
2 0.065113 0.308199 0.012469 0.023665
3 0.177045 0.733476 0.011860 0.023448
3 0.552414 0.980886 0.011860 0.023448
