0 0.092260 0.094016 0.073083 0.024752
0 0.278985 0.120804 0.157213 0.024752
0 0.529361 0.742270 0.400734 0.024752
0 0.387544 0.067343 0.336334 0.024752
0 0.728231 0.530769 0.442021 0.024752
1 0.341340 0.891211 0.184851 0.030941
1 0.916907 0.743858 0.072965 0.030941
1 0.879324 0.028975 0.085805 0.030941
1 0.743250 0.280526 0.011285 0.018686
2 0.382419 0.810652 0.011285 0.018686
2 0.825101 0.605971 0.011285 0.018686
3 0.163018 0.621845 0.010734 0.018515
3 0.871528 0.776851 0.010734 0.018515
