0 0.547608 0.423979 0.240637 0.029412
0 0.465578 0.658020 0.474243 0.029412
0 0.594834 0.727340 0.396941 0.029412
0 0.828155 0.432483 0.142176 0.029412
0 0.621195 0.161897 0.518859 0.029412
1 0.458877 0.035200 0.286313 0.036765
1 0.816649 0.794300 0.050441 0.036765
1 0.338725 0.955648 0.603213 0.036765
1 0.463563 0.593178 0.015766 0.022203
2 0.267004 0.466891 0.015766 0.022203
2 0.312560 0.219018 0.015766 0.022203
3 0.331101 0.583856 0.014996 0.022000
3 0.663356 0.044875 0.014996 0.022000
