0 0.533817 0.222034 0.669158 0.018501
0 0.444895 0.650977 0.413294 0.018501
0 0.617897 0.120847 0.421634 0.018501
0 0.383180 0.145718 0.501939 0.018501
0 0.709745 0.038306 0.178416 0.018501
1 0.521374 0.675558 0.115786 0.023127
1 0.505929 0.561308 0.600549 0.023127
1 0.500478 0.345688 0.652094 0.023127
1 0.029337 0.825502 0.019262 0.013967
2 0.129437 0.030531 0.019262 0.013967
2 0.855613 0.846186 0.019262 0.013967
3 0.445192 0.691731 0.018322 0.013839
3 0.238193 0.296528 0.018322 0.013839
