0 0.553166 0.174053 0.661263 0.053619
0 0.450022 0.101241 0.688525 0.053619
0 0.499893 0.679922 0.520232 0.053619
0 0.336040 0.392361 0.369183 0.053619
0 0.322995 0.537851 0.553446 0.053619
1 0.548053 0.246578 0.408100 0.067024
1 0.805856 0.540674 0.329325 0.067024
1 0.500417 0.773077 0.666250 0.067024
1 0.446819 0.321579 0.017507 0.040478
2 0.706959 0.446118 0.017507 0.040478
2 0.939019 0.733370 0.017507 0.040478
3 0.807123 0.667985 0.016652 0.040107
3 0.013303 0.658311 0.016652 0.040107
