0 0.247350 0.099156 0.363515 0.041580
0 0.690922 0.138427 0.208095 0.041580
0 0.507565 0.157603 0.090891 0.041580
0 0.679398 0.027866 0.354954 0.041580
0 0.568427 0.452043 0.161102 0.041580
1 0.484519 0.920684 0.234324 0.051975
1 0.237553 0.462941 0.400624 0.051975
1 0.669070 0.260320 0.263056 0.051975
1 0.943611 0.060155 0.013064 0.031389
2 0.071327 0.288828 0.013064 0.031389
2 0.834902 0.360033 0.013064 0.031389
3 0.768665 0.455405 0.012426 0.031102
3 0.250140 0.688494 0.012426 0.031102
