0 0.400227 0.729519 0.348764 0.016639
0 0.824010 0.980259 0.324412 0.016639
0 0.650370 0.243847 0.118049 0.016639
0 0.726593 0.770873 0.304896 0.016639
0 0.238920 0.248376 0.084753 0.016639
1 0.697665 0.374344 0.315037 0.020799
1 0.448337 0.880294 0.067096 0.020799
1 0.074215 0.169721 0.071513 0.020799
1 0.127871 0.208839 0.142950 0.020799
2 0.801817 0.203337 0.010382 0.012561
2 0.588088 0.036598 0.010382 0.012561
3 0.476601 0.919239 0.009875 0.012446
3 0.451983 0.486500 0.009875 0.012446
