0 0.698474 0.814594 0.192659 0.025608
0 0.555631 0.727999 0.010394 0.025608
0 0.763708 0.405084 0.351035 0.025608
0 0.661993 0.307303 0.486499 0.025608
0 0.289498 0.586237 0.157765 0.025608
1 0.594744 0.456521 0.461305 0.032010
1 0.390131 0.350855 0.044420 0.032010
1 0.549595 0.263052 0.341305 0.032010
1 0.014035 0.731219 0.012937 0.019332
2 0.235170 0.489961 0.012937 0.019332
2 0.348906 0.252606 0.012937 0.019332
3 0.779846 0.937795 0.012306 0.019155
3 0.955895 0.925165 0.012306 0.019155
