0 0.630141 0.764316 0.676029 0.025773
0 0.658481 0.568195 0.636554 0.025773
0 0.794465 0.943179 0.322117 0.025773
0 0.481035 0.487179 0.067625 0.025773
0 0.484141 0.408465 0.509017 0.025773
1 0.596961 0.617913 0.166892 0.032216
1 0.576472 0.324746 0.544240 0.032216
1 0.776432 0.866327 0.363523 0.032216
1 0.418114 0.933539 0.017043 0.019457
2 0.806090 0.719054 0.017043 0.019457
2 0.396405 0.624847 0.017043 0.019457
3 0.360966 0.803977 0.016212 0.019278
3 0.494389 0.101599 0.016212 0.019278
