0 0.465881 0.025492 0.436606 0.018779
0 0.680279 0.128848 0.451625 0.018779
0 0.377768 0.646517 0.256473 0.018779
0 0.623772 0.861298 0.234568 0.018779
0 0.709859 0.302360 0.299526 0.018779
1 0.082745 0.790108 0.092230 0.023474
1 0.644956 0.436410 0.418965 0.023474
1 0.769619 0.641171 0.198925 0.023474
1 0.222382 0.855247 0.012338 0.014177
2 0.410356 0.214131 0.012338 0.014177
2 0.194880 0.377171 0.012338 0.014177
3 0.967760 0.739961 0.011736 0.014047
3 0.355541 0.295830 0.011736 0.014047
