0 0.566310 0.844121 0.470901 0.044944
0 0.361826 0.588835 0.286418 0.044944
0 0.552780 0.945901 0.471246 0.044944
0 0.415081 0.436720 0.224529 0.044944
0 0.588043 0.153459 0.328059 0.044944
1 0.047458 0.680238 0.030333 0.056180
1 0.323869 0.092488 0.456349 0.056180
1 0.569950 0.749404 0.407218 0.056180
1 0.979132 0.388364 0.013388 0.033929
2 0.593437 0.219221 0.013388 0.033929
2 0.470213 0.372711 0.013388 0.033929
3 0.436650 0.292503 0.012735 0.033618
3 0.920401 0.206766 0.012735 0.033618
