0 0.685171 0.646722 0.302494 0.023810
0 0.799100 0.603897 0.130936 0.023810
0 0.487484 0.806094 0.174843 0.023810
0 0.267680 0.514670 0.200269 0.023810
0 0.647662 0.129150 0.529097 0.023810
1 0.608160 0.571517 0.697404 0.029762
1 0.333945 0.074376 0.049980 0.029762
1 0.784793 0.285670 0.370714 0.029762
1 0.877486 0.679006 0.019564 0.017974
2 0.615889 0.908768 0.019564 0.017974
2 0.513161 0.089230 0.019564 0.017974
3 0.549533 0.479120 0.018609 0.017810
3 0.289183 0.261314 0.018609 0.017810
