0 0.579650 0.042933 0.698068 0.018198
0 0.432354 0.880241 0.564037 0.018198
0 0.337328 0.340144 0.328311 0.018198
0 0.523352 0.090930 0.686541 0.018198
0 0.567189 0.757302 0.482945 0.018198
1 0.719964 0.835155 0.037770 0.022748
1 0.587951 0.222715 0.215227 0.022748
1 0.386317 0.180550 0.512288 0.022748
1 0.139706 0.223709 0.018461 0.013738
2 0.022933 0.785442 0.018461 0.013738
2 0.100289 0.060873 0.018461 0.013738
3 0.824662 0.543815 0.017560 0.013612
3 0.621229 0.421328 0.017560 0.013612
