0 0.666054 0.578443 0.575271 0.032949
0 0.654104 0.708635 0.511144 0.032949
0 0.362831 0.982515 0.340919 0.032949
0 0.206571 0.330614 0.100942 0.032949
0 0.646169 0.928511 0.554475 0.032949
1 0.692460 0.795666 0.433192 0.041186
1 0.569939 0.435834 0.555999 0.041186
1 0.560947 0.848856 0.530253 0.041186
1 0.186290 0.212850 0.016373 0.024874
2 0.052617 0.361272 0.016373 0.024874
2 0.193965 0.898040 0.016373 0.024874
3 0.300017 0.696580 0.015574 0.024646
3 0.250977 0.727477 0.015574 0.024646
