0 0.334762 0.252957 0.405879 0.021436
0 0.687636 0.702900 0.149887 0.021436
0 0.587497 0.850082 0.698655 0.021436
0 0.652833 0.905126 0.275277 0.021436
0 0.604793 0.611575 0.725259 0.021436
1 0.772032 0.735016 0.269357 0.026795
1 0.759818 0.089998 0.301033 0.026795
1 0.250708 0.467494 0.167197 0.026795
1 0.060840 0.693683 0.018668 0.016183
2 0.784031 0.172274 0.018668 0.016183
2 0.609719 0.640096 0.018668 0.016183
3 0.226282 0.065631 0.017757 0.016034
3 0.126209 0.622764 0.017757 0.016034
