0 0.120887 0.957123 0.145990 0.017953
0 0.887317 0.062625 0.179422 0.017953
0 0.514762 0.093661 0.187652 0.017953
0 0.723481 0.620544 0.341741 0.017953
0 0.546233 0.719199 0.391882 0.017953
1 0.811454 0.288002 0.100974 0.022442
1 0.542148 0.872673 0.285586 0.022442
1 0.350724 0.522108 0.381107 0.022442
1 0.351570 0.656942 0.011647 0.013553
2 0.051661 0.043520 0.011647 0.013553
2 0.989879 0.280389 0.011647 0.013553
3 0.774445 0.388633 0.011079 0.013429
3 0.147947 0.605343 0.011079 0.013429
