0 0.766916 0.413976 0.203162 0.018993
0 0.855006 0.682909 0.094710 0.018993
0 0.135557 0.268663 0.046430 0.018993
0 0.299457 0.908879 0.430624 0.018993
0 0.189690 0.013958 0.260179 0.018993
1 0.723282 0.249436 0.447063 0.023742
1 0.633760 0.923063 0.201716 0.023742
1 0.257279 0.353295 0.454174 0.023742
1 0.662037 0.543980 0.088626 0.023742
2 0.008748 0.075262 0.011434 0.014338
2 0.826370 0.378533 0.011434 0.014338
3 0.500182 0.431410 0.010876 0.014207
3 0.816700 0.101167 0.010876 0.014207
