0 0.530204 0.951685 0.561485 0.035149
0 0.584771 0.829000 0.557219 0.035149
0 0.380949 0.206819 0.263748 0.035149
0 0.421097 0.329226 0.218120 0.035149
0 0.338358 0.693586 0.106508 0.035149
1 0.539104 0.528525 0.130958 0.043937
1 0.605449 0.030850 0.374515 0.043937
1 0.662105 0.448444 0.494099 0.043937
1 0.486661 0.144681 0.017415 0.026535
2 0.804996 0.709652 0.017415 0.026535
2 0.060043 0.256663 0.017415 0.026535
3 0.935669 0.936546 0.016565 0.026292
3 0.168018 0.198389 0.016565 0.026292
