0 0.728962 0.813755 0.514558 0.051546
0 0.458820 0.240432 0.455695 0.051546
0 0.369026 0.928771 0.309059 0.051546
0 0.821290 0.345583 0.022449 0.051546
0 0.279265 0.436782 0.505620 0.051546
1 0.305345 0.330240 0.369816 0.064433
1 0.641644 0.468220 0.091198 0.064433
1 0.833530 0.593410 0.141556 0.064433
1 0.728745 0.461678 0.014350 0.038913
2 0.453422 0.566012 0.014350 0.038913
2 0.021146 0.882166 0.014350 0.038913
3 0.708802 0.911649 0.013649 0.038557
3 0.256688 0.140559 0.013649 0.038557
