0 0.713591 0.180621 0.508451 0.016013
0 0.461417 0.779943 0.435482 0.016013
0 0.399105 0.831334 0.272378 0.016013
0 0.325668 0.683787 0.507825 0.016013
0 0.201915 0.869742 0.213257 0.016013
1 0.416731 0.372726 0.055234 0.020016
1 0.589885 0.949771 0.334275 0.020016
1 0.507742 0.571846 0.354328 0.020016
1 0.158212 0.484125 0.013030 0.012088
2 0.440438 0.708176 0.013030 0.012088
2 0.242809 0.307205 0.013030 0.012088
3 0.250778 0.990431 0.012394 0.011978
3 0.343819 0.865789 0.012394 0.011978
