0 0.807034 0.164368 0.033720 0.018587
0 0.789528 0.490167 0.045455 0.018587
0 0.217519 0.499589 0.318755 0.018587
0 0.727805 0.033769 0.289250 0.018587
0 0.542656 0.289201 0.488869 0.018587
1 0.260043 0.959100 0.215279 0.023234
1 0.776944 0.779909 0.379587 0.023234
1 0.381823 0.201123 0.483878 0.023234
1 0.131702 0.309126 0.015437 0.014032
2 0.655349 0.731448 0.015437 0.014032
2 0.072601 0.093608 0.015437 0.014032
3 0.878837 0.892769 0.014683 0.013903
3 0.425449 0.764593 0.014683 0.013903
