0 0.496799 0.063398 0.046336 0.016598
0 0.462335 0.486247 0.084293 0.016598
0 0.776516 0.792212 0.060423 0.016598
0 0.727053 0.336471 0.389595 0.016598
0 0.586845 0.392246 0.356261 0.016598
1 0.732299 0.813806 0.338047 0.020747
1 0.263891 0.027966 0.204401 0.020747
1 0.196090 0.682487 0.165781 0.020747
1 0.359805 0.966654 0.010259 0.012530
2 0.402810 0.142120 0.010259 0.012530
2 0.382995 0.175886 0.010259 0.012530
3 0.777657 0.108782 0.009759 0.012415
3 0.768548 0.242284 0.009759 0.012415
