0 0.279356 0.660248 0.228247 0.017809
0 0.704419 0.971966 0.212912 0.017809
0 0.461178 0.728310 0.435021 0.017809
0 0.285174 0.698261 0.304030 0.017809
0 0.470830 0.915116 0.379272 0.017809
1 0.395123 0.563020 0.489947 0.022262
1 0.833893 0.560102 0.236129 0.022262
1 0.276284 0.851069 0.448975 0.022262
1 0.613050 0.779289 0.268551 0.022262
2 0.762499 0.697196 0.013843 0.013445
2 0.131775 0.178089 0.013843 0.013445
3 0.594779 0.163676 0.013167 0.013321
3 0.413471 0.824060 0.013167 0.013321
