0 0.464951 0.775370 0.416897 0.016863
0 0.646844 0.191153 0.128914 0.016863
0 0.268748 0.723824 0.395949 0.016863
0 0.879170 0.929849 0.157307 0.016863
0 0.278887 0.412961 0.086820 0.016863
1 0.416366 0.667925 0.449255 0.021079
1 0.513082 0.817838 0.052179 0.021079
1 0.464417 0.528418 0.446517 0.021079
1 0.418015 0.014133 0.011447 0.012730
2 0.416979 0.863931 0.011447 0.012730
2 0.770160 0.304797 0.011447 0.012730
3 0.663653 0.928935 0.010888 0.012614
3 0.391941 0.387369 0.010888 0.012614
