0 0.525450 0.789637 0.313009 0.055096
0 0.332570 0.524354 0.090450 0.055096
0 0.452774 0.947137 0.331967 0.055096
0 0.936118 0.833564 0.014173 0.055096
0 0.137509 0.067071 0.094597 0.055096
1 0.540389 0.489561 0.147889 0.068871
1 0.338115 0.279288 0.238503 0.068871
1 0.790386 0.249102 0.314831 0.068871
1 0.656742 0.515117 0.010844 0.041593
2 0.542657 0.340674 0.010844 0.041593
2 0.411385 0.423128 0.010844 0.041593
3 0.804837 0.492986 0.010315 0.041212
3 0.319487 0.451439 0.010315 0.041212
