0 0.445522 0.803459 0.280185 0.018116
0 0.197869 0.695847 0.178840 0.018116
0 0.779980 0.535692 0.342579 0.018116
0 0.390401 0.717899 0.236499 0.018116
0 0.378825 0.857547 0.256082 0.018116
1 0.864708 0.880718 0.202807 0.022645
1 0.655537 0.806295 0.103337 0.022645
1 0.295993 0.656729 0.513046 0.022645
1 0.575872 0.209224 0.014774 0.013676
2 0.277619 0.522649 0.014774 0.013676
2 0.723884 0.034254 0.014774 0.013676
3 0.952752 0.405026 0.014053 0.013551
3 0.986811 0.411399 0.014053 0.013551
