0 0.638336 0.248126 0.572796 0.029542
0 0.463045 0.301310 0.647523 0.029542
0 0.696073 0.032076 0.355639 0.029542
0 0.501023 0.492081 0.661339 0.029542
0 0.631119 0.798144 0.117336 0.029542
1 0.709779 0.415815 0.278713 0.036928
1 0.252929 0.399013 0.081673 0.036928
1 0.199370 0.125247 0.356036 0.036928
1 0.660047 0.957843 0.016604 0.022302
2 0.955757 0.697695 0.016604 0.022302
2 0.990620 0.673309 0.016604 0.022302
3 0.910394 0.662891 0.015794 0.022097
3 0.920014 0.368759 0.015794 0.022097
