0 0.474704 0.133342 0.046752 0.016639
0 0.278958 0.114317 0.084480 0.016639
0 0.193705 0.307867 0.244118 0.016639
0 0.187295 0.677092 0.220324 0.016639
0 0.164641 0.331528 0.072665 0.016639
1 0.893086 0.254791 0.156919 0.020799
1 0.556966 0.095168 0.410580 0.020799
1 0.326495 0.577611 0.176089 0.020799
1 0.096042 0.177550 0.011460 0.012561
2 0.845117 0.727520 0.011460 0.012561
2 0.650375 0.051971 0.011460 0.012561
3 0.307222 0.396867 0.010901 0.012446
3 0.297712 0.774456 0.010901 0.012446
