0 0.398159 0.271287 0.366062 0.039841
0 0.563575 0.511406 0.705391 0.039841
0 0.567457 0.690170 0.535351 0.039841
0 0.539592 0.118219 0.075905 0.039841
0 0.613917 0.174062 0.594322 0.039841
1 0.456863 0.025135 0.539287 0.049801
1 0.681751 0.811450 0.107218 0.049801
1 0.712183 0.620696 0.172786 0.049801
1 0.737356 0.303571 0.019545 0.030076
2 0.112856 0.378979 0.019545 0.030076
2 0.403235 0.797301 0.019545 0.030076
3 0.821475 0.782345 0.018591 0.029801
3 0.915112 0.616912 0.018591 0.029801
