0 0.262709 0.700523 0.437199 0.023895
0 0.508291 0.522060 0.686578 0.023895
0 0.603913 0.420794 0.610357 0.023895
0 0.503240 0.901472 0.027248 0.023895
0 0.621119 0.377668 0.136234 0.023895
1 0.323975 0.183064 0.316475 0.029869
1 0.482149 0.085507 0.367738 0.029869
1 0.619533 0.724692 0.035759 0.029869
1 0.883497 0.182314 0.018044 0.018039
2 0.431990 0.249136 0.018044 0.018039
2 0.026347 0.295233 0.018044 0.018039
3 0.080524 0.945556 0.017164 0.017873
3 0.306494 0.474545 0.017164 0.017873
