0 0.710553 0.965058 0.347015 0.025094
0 0.713308 0.694587 0.267856 0.025094
0 0.819236 0.808548 0.075610 0.025094
0 0.917785 0.922601 0.150412 0.025094
0 0.907797 0.388092 0.171663 0.025094
1 0.482437 0.227306 0.346733 0.031368
1 0.582207 0.403101 0.392219 0.031368
1 0.679535 0.348716 0.387255 0.031368
1 0.213300 0.064511 0.011091 0.018944
2 0.206284 0.721428 0.011091 0.018944
2 0.411984 0.535862 0.011091 0.018944
3 0.446969 0.260028 0.010550 0.018770
3 0.037343 0.174990 0.010550 0.018770
