0 0.524394 0.296813 0.070529 0.030769
0 0.525642 0.368719 0.030157 0.030769
0 0.477881 0.945440 0.365077 0.030769
0 0.172878 0.735917 0.155606 0.030769
0 0.776053 0.082136 0.332931 0.030769
1 0.662694 0.724159 0.181198 0.038462
1 0.919017 0.676594 0.097813 0.038462
1 0.735791 0.661446 0.093995 0.038462
1 0.245138 0.171181 0.374214 0.038462
2 0.579087 0.644676 0.010809 0.023228
2 0.380757 0.566788 0.010809 0.023228
3 0.387475 0.668128 0.010281 0.023015
3 0.145281 0.257123 0.010281 0.023015
