0 0.233874 0.475043 0.404903 0.041494
0 0.266973 0.336831 0.011520 0.041494
0 0.414559 0.169316 0.370759 0.041494
0 0.915924 0.669042 0.066455 0.041494
0 0.522264 0.628565 0.316628 0.041494
1 0.316992 0.963718 0.086863 0.051867
1 0.538151 0.053758 0.447446 0.051867
1 0.321935 0.412097 0.393737 0.051867
1 0.676093 0.461542 0.011408 0.031324
2 0.166233 0.945163 0.011408 0.031324
2 0.692045 0.799919 0.011408 0.031324
3 0.566482 0.917915 0.010851 0.031037
3 0.139839 0.161625 0.010851 0.031037
