0 0.651259 0.360548 0.193144 0.042194
0 0.354509 0.082650 0.347102 0.042194
0 0.687336 0.706926 0.354447 0.042194
0 0.437348 0.164876 0.242070 0.042194
0 0.434339 0.032931 0.416340 0.042194
1 0.320476 0.241014 0.449230 0.052743
1 0.148891 0.938797 0.231565 0.052743
1 0.654009 0.100057 0.069570 0.052743
1 0.758551 0.388569 0.012172 0.031853
2 0.734157 0.983654 0.012172 0.031853
2 0.535892 0.553901 0.012172 0.031853
3 0.553196 0.941297 0.011578 0.031561
3 0.091672 0.527469 0.011578 0.031561
