0 0.711437 0.796100 0.284163 0.021882
0 0.271438 0.694738 0.371376 0.021882
0 0.939848 0.854381 0.052285 0.021882
0 0.478884 0.470145 0.297743 0.021882
0 0.246573 0.195536 0.009847 0.021882
1 0.262459 0.364846 0.325106 0.027352
1 0.490442 0.423971 0.506910 0.027352
1 0.682498 0.593454 0.610645 0.027352
1 0.159558 0.752631 0.015679 0.016519
2 0.445110 0.828929 0.015679 0.016519
2 0.864507 0.665230 0.015679 0.016519
3 0.045942 0.372467 0.014914 0.016368
3 0.762401 0.153657 0.014914 0.016368
