0 0.565803 0.648139 0.306356 0.020683
0 0.750170 0.484904 0.111049 0.020683
0 0.831266 0.898226 0.271760 0.020683
0 0.507877 0.172759 0.594785 0.020683
0 0.516545 0.226502 0.543279 0.020683
1 0.325909 0.277150 0.600114 0.025853
1 0.638117 0.978614 0.253156 0.025853
1 0.436088 0.913087 0.357026 0.025853
1 0.171419 0.519876 0.017131 0.015614
2 0.945429 0.627576 0.017131 0.015614
2 0.061751 0.790210 0.017131 0.015614
3 0.532423 0.814459 0.016295 0.015471
3 0.987418 0.739475 0.016295 0.015471
