0 0.417209 0.748649 0.715522 0.040241
0 0.680919 0.625849 0.485727 0.040241
0 0.250992 0.022564 0.156684 0.040241
0 0.428301 0.832640 0.428388 0.040241
0 0.531841 0.137072 0.694369 0.040241
1 0.801232 0.305246 0.312042 0.050302
1 0.091054 0.230233 0.050033 0.050302
1 0.588774 0.370759 0.161982 0.050302
1 0.135001 0.689061 0.018581 0.030379
2 0.632765 0.227654 0.018581 0.030379
2 0.318089 0.204757 0.018581 0.030379
3 0.892585 0.876192 0.017674 0.030101
3 0.292664 0.479893 0.017674 0.030101
