0 0.566093 0.482458 0.370992 0.016863
0 0.792201 0.257390 0.179388 0.016863
0 0.445486 0.810467 0.342655 0.016863
0 0.470997 0.737837 0.119935 0.016863
0 0.532700 0.927665 0.018780 0.016863
1 0.330921 0.027462 0.084951 0.021079
1 0.455719 0.659354 0.112098 0.021079
1 0.262139 0.617678 0.280913 0.021079
1 0.309806 0.497162 0.011375 0.012730
2 0.445800 0.081957 0.011375 0.012730
2 0.792431 0.222641 0.011375 0.012730
3 0.397567 0.384645 0.010820 0.012614
3 0.231269 0.842434 0.010820 0.012614
