0 0.312619 0.974399 0.435148 0.015911
0 0.345577 0.276416 0.167408 0.015911
0 0.943051 0.591996 0.017969 0.015911
0 0.268441 0.758718 0.216167 0.015911
0 0.859172 0.102914 0.025172 0.015911
1 0.759367 0.605344 0.103103 0.019889
1 0.500964 0.824265 0.113524 0.019889
1 0.362708 0.539147 0.292063 0.019889
1 0.623581 0.431821 0.011716 0.012011
2 0.980019 0.790623 0.011716 0.012011
2 0.673595 0.008705 0.011716 0.012011
3 0.342549 0.799888 0.011144 0.011901
3 0.517716 0.622589 0.011144 0.011901
