0 0.895819 0.631102 0.028616 0.036563
0 0.311692 0.134998 0.082120 0.036563
0 0.788726 0.287720 0.267257 0.036563
0 0.409034 0.909220 0.362878 0.036563
0 0.908656 0.561706 0.170608 0.036563
1 0.546986 0.187052 0.431259 0.045704
1 0.431260 0.559264 0.336406 0.045704
1 0.960302 0.230481 0.022480 0.045704
1 0.053441 0.452616 0.012106 0.027602
2 0.032662 0.838895 0.012106 0.027602
2 0.942588 0.713876 0.012106 0.027602
3 0.705305 0.826435 0.011515 0.027349
3 0.523980 0.979331 0.011515 0.027349
