0 0.423868 0.913966 0.101278 0.020812
0 0.284242 0.791389 0.495883 0.020812
0 0.668288 0.685312 0.612801 0.020812
0 0.484220 0.310865 0.574136 0.020812
0 0.532271 0.238183 0.517631 0.020812
1 0.380635 0.481916 0.092494 0.026015
1 0.657900 0.724706 0.482178 0.026015
1 0.701515 0.532345 0.198564 0.026015
1 0.088954 0.909974 0.015704 0.015711
2 0.213885 0.886787 0.015704 0.015711
2 0.519562 0.459916 0.015704 0.015711
3 0.559441 0.018906 0.014937 0.015567
3 0.138048 0.199505 0.014937 0.015567
