0 0.738559 0.866371 0.256134 0.017036
0 0.622388 0.116600 0.421135 0.017036
0 0.764342 0.665006 0.103365 0.017036
0 0.122186 0.771254 0.100913 0.017036
0 0.864342 0.482330 0.052675 0.017036
1 0.214596 0.728953 0.367505 0.021295
1 0.686069 0.440617 0.394225 0.021295
1 0.251013 0.876074 0.193472 0.021295
1 0.987234 0.494475 0.011147 0.012861
2 0.981148 0.047703 0.011147 0.012861
2 0.411917 0.337596 0.011147 0.012861
3 0.291289 0.347517 0.010603 0.012743
3 0.144069 0.623375 0.010603 0.012743
