0 0.570346 0.705778 0.066384 0.029940
0 0.634444 0.098230 0.377219 0.029940
0 0.194486 0.825543 0.307709 0.029940
0 0.604642 0.266105 0.153942 0.029940
0 0.478590 0.960574 0.460157 0.029940
1 0.155659 0.457137 0.285991 0.037425
1 0.603094 0.446142 0.200655 0.037425
1 0.458859 0.880987 0.140762 0.037425
1 0.235184 0.213215 0.217880 0.037425
2 0.442433 0.383694 0.011975 0.022602
2 0.445876 0.222145 0.011975 0.022602
3 0.870189 0.638924 0.011391 0.022395
3 0.237320 0.126157 0.011391 0.022395
