0 0.078034 0.316671 0.046475 0.043860
0 0.238701 0.098929 0.083535 0.043860
0 0.353118 0.947625 0.016704 0.043860
0 0.373883 0.653672 0.130753 0.043860
0 0.661751 0.119244 0.303728 0.043860
1 0.452325 0.477489 0.279219 0.054825
1 0.811888 0.773780 0.245875 0.054825
1 0.412964 0.153701 0.123526 0.054825
1 0.321075 0.602889 0.010552 0.033110
2 0.781358 0.430695 0.010552 0.033110
2 0.901805 0.195877 0.010552 0.033110
3 0.956008 0.654250 0.010037 0.032807
3 0.734128 0.573800 0.010037 0.032807
