0 0.630287 0.312838 0.122842 0.017212
0 0.711905 0.248823 0.337383 0.017212
0 0.622673 0.798036 0.040745 0.017212
0 0.544529 0.967316 0.450621 0.017212
0 0.774760 0.911870 0.378117 0.017212
1 0.440187 0.461584 0.375484 0.021515
1 0.124668 0.964911 0.116801 0.021515
1 0.362270 0.031422 0.438669 0.021515
1 0.095698 0.137501 0.011681 0.012993
2 0.609420 0.841804 0.011681 0.012993
2 0.139640 0.892170 0.011681 0.012993
3 0.458494 0.216581 0.011111 0.012874
3 0.052163 0.270595 0.011111 0.012874
