0 0.468050 0.656747 0.263513 0.026008
0 0.194647 0.391977 0.028035 0.026008
0 0.436079 0.550481 0.496214 0.026008
0 0.383910 0.287049 0.306762 0.026008
0 0.126478 0.214652 0.156116 0.026008
1 0.347633 0.797846 0.442284 0.032510
1 0.726954 0.936332 0.310786 0.032510
1 0.240573 0.032028 0.454253 0.032510
1 0.465632 0.460511 0.012887 0.019634
2 0.381660 0.468973 0.012887 0.019634
2 0.931670 0.596669 0.012887 0.019634
3 0.754288 0.118080 0.012258 0.019454
3 0.228752 0.581474 0.012258 0.019454
