0 0.207481 0.468520 0.077909 0.054795
0 0.493938 0.685293 0.382115 0.054795
0 0.251664 0.325833 0.246175 0.054795
0 0.457790 0.832397 0.466475 0.054795
0 0.497721 0.521992 0.331758 0.054795
1 0.837222 0.915495 0.147014 0.068493
1 0.631586 0.057786 0.063404 0.068493
1 0.305695 0.208564 0.307771 0.068493
1 0.935964 0.186340 0.013167 0.041365
2 0.251534 0.057671 0.013167 0.041365
2 0.847900 0.809755 0.013167 0.041365
3 0.207695 0.056593 0.012525 0.040986
3 0.164668 0.696316 0.012525 0.040986
