0 0.402627 0.218042 0.147369 0.016103
0 0.600278 0.214095 0.095975 0.016103
0 0.095752 0.760796 0.101238 0.016103
0 0.342107 0.906743 0.281455 0.016103
0 0.200856 0.562339 0.040188 0.016103
1 0.395429 0.724083 0.141887 0.020129
1 0.459406 0.045488 0.278198 0.020129
1 0.324018 0.767649 0.036150 0.020129
1 0.513571 0.752403 0.014177 0.012156
2 0.882015 0.575979 0.014177 0.012156
2 0.331768 0.957059 0.014177 0.012156
3 0.268104 0.935341 0.013485 0.012045
3 0.387863 0.855637 0.013485 0.012045
