0 0.473163 0.694674 0.606708 0.031348
0 0.084629 0.424281 0.073848 0.031348
0 0.825917 0.884824 0.306296 0.031348
0 0.515327 0.516107 0.115407 0.031348
0 0.533919 0.309509 0.555578 0.031348
1 0.490896 0.079428 0.233081 0.039185
1 0.679223 0.198925 0.418344 0.039185
1 0.393520 0.389697 0.516747 0.039185
1 0.350666 0.037449 0.016591 0.023665
2 0.542559 0.467715 0.016591 0.023665
2 0.297124 0.807211 0.016591 0.023665
3 0.448801 0.177237 0.015781 0.023448
3 0.190761 0.321930 0.015781 0.023448
