0 0.845116 0.624833 0.141423 0.024814
0 0.739016 0.664024 0.224353 0.024814
0 0.746439 0.893520 0.384384 0.024814
0 0.491871 0.304216 0.568957 0.024814
0 0.509938 0.748874 0.596405 0.024814
1 0.425559 0.422412 0.501100 0.031017
1 0.243286 0.925059 0.375952 0.031017
1 0.766826 0.029546 0.433721 0.031017
1 0.011764 0.335675 0.017385 0.018732
2 0.139461 0.115803 0.017385 0.018732
2 0.560560 0.584278 0.017385 0.018732
3 0.302927 0.192446 0.016536 0.018561
3 0.181887 0.710804 0.016536 0.018561
