0 0.828429 0.242248 0.200620 0.016639
0 0.679634 0.854133 0.197293 0.016639
0 0.849019 0.090545 0.085180 0.016639
0 0.816155 0.615282 0.209047 0.016639
0 0.932896 0.348942 0.108510 0.016639
1 0.542046 0.298618 0.300845 0.020799
1 0.419552 0.541649 0.182461 0.020799
1 0.386251 0.633067 0.358359 0.020799
1 0.613541 0.085657 0.011440 0.012561
2 0.540048 0.885752 0.011440 0.012561
2 0.983370 0.179876 0.011440 0.012561
3 0.992275 0.053944 0.010882 0.012446
3 0.308138 0.912304 0.010882 0.012446
