0 0.488627 0.872220 0.351139 0.026281
0 0.721295 0.426505 0.303847 0.026281
0 0.130074 0.394207 0.111173 0.026281
0 0.422718 0.944030 0.523336 0.026281
0 0.494609 0.096820 0.315945 0.026281
1 0.653392 0.240530 0.275362 0.032852
1 0.585296 0.823597 0.098523 0.032852
1 0.341026 0.759906 0.527164 0.032852
1 0.787238 0.623714 0.013451 0.019840
2 0.474264 0.446897 0.013451 0.019840
2 0.051089 0.348373 0.013451 0.019840
3 0.091026 0.297597 0.012795 0.019658
3 0.160502 0.422342 0.012795 0.019658
