0 0.656541 0.359358 0.671309 0.023148
0 0.407567 0.940134 0.366851 0.023148
0 0.391091 0.740096 0.153189 0.023148
0 0.610218 0.632604 0.709753 0.023148
0 0.416804 0.911695 0.250397 0.023148
1 0.528157 0.839810 0.763920 0.028935
1 0.540727 0.072892 0.458110 0.028935
1 0.386476 0.286552 0.233228 0.028935
1 0.753753 0.971959 0.019115 0.017475
2 0.388344 0.541336 0.019115 0.017475
2 0.559681 0.763031 0.019115 0.017475
3 0.314777 0.691008 0.018182 0.017315
3 0.077125 0.975587 0.018182 0.017315
