0 0.575984 0.248321 0.139304 0.020534
0 0.477298 0.724503 0.435321 0.020534
0 0.489977 0.410811 0.216693 0.020534
0 0.870495 0.177727 0.106876 0.020534
0 0.880668 0.134046 0.060673 0.020534
1 0.797687 0.275809 0.198055 0.025667
1 0.782364 0.616531 0.255196 0.025667
1 0.253654 0.515261 0.411535 0.025667
1 0.016616 0.487308 0.015967 0.015501
2 0.333898 0.101772 0.015967 0.015501
2 0.679213 0.591757 0.015967 0.015501
3 0.722472 0.567018 0.015188 0.015359
3 0.692991 0.112043 0.015188 0.015359
