0 0.576202 0.722608 0.761158 0.043011
0 0.365382 0.898352 0.438465 0.043011
0 0.414499 0.654371 0.490979 0.043011
0 0.634739 0.820740 0.596194 0.043011
0 0.619638 0.134609 0.231538 0.043011
1 0.546238 0.425922 0.686628 0.053763
1 0.647289 0.592520 0.682632 0.053763
1 0.727109 0.505050 0.355136 0.053763
1 0.796889 0.971233 0.020218 0.032470
2 0.138776 0.361283 0.020218 0.032470
2 0.847453 0.280078 0.020218 0.032470
3 0.304106 0.320050 0.019231 0.032172
3 0.029412 0.166083 0.019231 0.032172
