0 0.497053 0.953043 0.170076 0.017969
0 0.513036 0.528831 0.552269 0.017969
0 0.508974 0.435583 0.456544 0.017969
0 0.505726 0.878865 0.588925 0.017969
0 0.687259 0.740013 0.311892 0.017969
1 0.626614 0.360638 0.435479 0.022462
1 0.512678 0.048241 0.042349 0.022462
1 0.601794 0.924552 0.588425 0.022462
1 0.374047 0.033521 0.014851 0.013565
2 0.773105 0.175490 0.014851 0.013565
2 0.833957 0.278745 0.014851 0.013565
3 0.160857 0.833333 0.014126 0.013441
3 0.613249 0.183242 0.014126 0.013441
