0 0.438543 0.651348 0.661976 0.027435
0 0.529078 0.045600 0.509233 0.027435
0 0.562675 0.458582 0.632036 0.027435
0 0.618828 0.710297 0.682705 0.027435
0 0.139057 0.303563 0.117467 0.027435
1 0.600522 0.253455 0.422305 0.034294
1 0.499711 0.395642 0.275567 0.034294
1 0.581124 0.762856 0.609372 0.034294
1 0.592363 0.358096 0.017708 0.020711
2 0.883738 0.282505 0.017708 0.020711
2 0.898110 0.918767 0.017708 0.020711
3 0.839657 0.943876 0.016844 0.020521
3 0.858165 0.674018 0.016844 0.020521
