0 0.554811 0.897502 0.417277 0.019666
0 0.422839 0.646294 0.496678 0.019666
0 0.502955 0.497452 0.472648 0.019666
0 0.484853 0.012447 0.448332 0.019666
0 0.833988 0.398856 0.138006 0.019666
1 0.298538 0.153429 0.132209 0.024582
1 0.639835 0.813333 0.250563 0.024582
1 0.739418 0.594978 0.120440 0.024582
1 0.112565 0.211225 0.013141 0.014846
2 0.051606 0.626429 0.013141 0.014846
2 0.878710 0.369553 0.013141 0.014846
3 0.058266 0.184333 0.012500 0.014710
3 0.127470 0.852628 0.012500 0.014710
