0 0.345524 0.866057 0.293712 0.016502
0 0.521689 0.178177 0.306549 0.016502
0 0.726490 0.521525 0.214031 0.016502
0 0.759931 0.407028 0.234936 0.016502
0 0.416963 0.569740 0.150418 0.016502
1 0.321629 0.469033 0.577050 0.020627
1 0.250686 0.038923 0.174402 0.020627
1 0.136561 0.715165 0.240157 0.020627
1 0.593979 0.779861 0.017354 0.012457
2 0.885947 0.530568 0.017354 0.012457
2 0.261451 0.595067 0.017354 0.012457
3 0.115202 0.533638 0.016507 0.012343
3 0.175414 0.610604 0.016507 0.012343
