0 0.630385 0.159454 0.173679 0.034364
0 0.489234 0.547558 0.267486 0.034364
0 0.240590 0.892572 0.199604 0.034364
0 0.338259 0.485570 0.318536 0.034364
0 0.314763 0.135142 0.204735 0.034364
1 0.741289 0.750252 0.274362 0.042955
1 0.515858 0.872127 0.099227 0.042955
1 0.884956 0.949687 0.089512 0.042955
1 0.494866 0.720477 0.011375 0.025942
2 0.028214 0.903698 0.011375 0.025942
2 0.184112 0.081986 0.011375 0.025942
3 0.309467 0.960193 0.010820 0.025704
3 0.432068 0.212449 0.010820 0.025704
