0 0.530074 0.428748 0.188916 0.042017
0 0.729713 0.550366 0.391543 0.042017
0 0.757853 0.857435 0.133701 0.042017
0 0.709389 0.687821 0.371413 0.042017
0 0.624484 0.210220 0.203684 0.042017
1 0.318517 0.740286 0.252748 0.052521
1 0.787850 0.628357 0.013501 0.052521
1 0.088756 0.209682 0.013127 0.052521
1 0.941556 0.488058 0.010083 0.031719
2 0.393201 0.387884 0.010083 0.031719
2 0.646257 0.784089 0.010083 0.031719
3 0.129779 0.201756 0.009591 0.031429
3 0.984063 0.274186 0.009591 0.031429
