0 0.718624 0.230715 0.356106 0.020597
0 0.342911 0.725437 0.028690 0.020597
0 0.764931 0.198039 0.297829 0.020597
0 0.505222 0.552265 0.093688 0.020597
0 0.536275 0.042720 0.273187 0.020597
1 0.435414 0.458839 0.503205 0.025747
1 0.217206 0.848616 0.280829 0.025747
1 0.669002 0.155872 0.499599 0.025747
1 0.061060 0.953593 0.013005 0.015549
2 0.531672 0.370243 0.013005 0.015549
2 0.459501 0.759760 0.013005 0.015549
3 0.342503 0.284303 0.012370 0.015407
3 0.866800 0.329386 0.012370 0.015407
