0 0.281711 0.293278 0.349717 0.024907
0 0.687704 0.926342 0.442416 0.024907
0 0.127704 0.700887 0.080001 0.024907
0 0.477613 0.670369 0.236499 0.024907
0 0.509278 0.447610 0.683811 0.024907
1 0.366453 0.731636 0.193634 0.031133
1 0.261434 0.051000 0.098195 0.031133
1 0.119265 0.903444 0.183720 0.031133
1 0.638893 0.982048 0.018461 0.018802
2 0.802938 0.112659 0.018461 0.018802
2 0.831008 0.745219 0.018461 0.018802
3 0.449143 0.402236 0.017560 0.018630
3 0.933922 0.734372 0.017560 0.018630
