0 0.312867 0.164852 0.055800 0.052083
0 0.641279 0.416887 0.706259 0.052083
0 0.765178 0.909309 0.087102 0.052083
0 0.724826 0.072906 0.116650 0.052083
0 0.760803 0.535926 0.166929 0.052083
1 0.497588 0.609469 0.726570 0.065104
1 0.337248 0.334853 0.365496 0.065104
1 0.567034 0.940065 0.170328 0.065104
1 0.856875 0.281009 0.019777 0.039319
2 0.075328 0.627488 0.019777 0.039319
2 0.023403 0.828156 0.019777 0.039319
3 0.891605 0.501020 0.018812 0.038958
3 0.467596 0.974035 0.018812 0.038958
