0 0.177403 0.199434 0.191876 0.019569
0 0.291652 0.730312 0.032310 0.019569
0 0.455051 0.848324 0.184691 0.019569
0 0.302311 0.372787 0.457718 0.019569
0 0.739930 0.189473 0.404905 0.019569
1 0.318037 0.253130 0.282768 0.024462
1 0.840520 0.538623 0.271319 0.024462
1 0.763412 0.408925 0.472477 0.024462
1 0.054027 0.649568 0.013891 0.014773
2 0.766624 0.358803 0.013891 0.014773
2 0.402791 0.784862 0.013891 0.014773
3 0.024072 0.305783 0.013213 0.014638
3 0.868685 0.123010 0.013213 0.014638
