0 0.375611 0.822695 0.334183 0.017606
0 0.592474 0.439854 0.621792 0.017606
0 0.595393 0.537080 0.035243 0.017606
0 0.498409 0.410627 0.664799 0.017606
0 0.450845 0.593803 0.352187 0.017606
1 0.383733 0.752116 0.731323 0.022007
1 0.401479 0.950526 0.287131 0.022007
1 0.715550 0.247457 0.322925 0.022007
1 0.428755 0.506663 0.020177 0.013291
2 0.794646 0.155725 0.020177 0.013291
2 0.628838 0.387575 0.020177 0.013291
3 0.401406 0.381143 0.019192 0.013169
3 0.851710 0.314738 0.019192 0.013169
