0 0.527794 0.442225 0.394608 0.031250
0 0.332900 0.759667 0.516009 0.031250
0 0.414552 0.972460 0.386616 0.031250
0 0.256420 0.853265 0.256793 0.031250
0 0.463903 0.276307 0.371249 0.031250
1 0.544953 0.516401 0.513463 0.039062
1 0.697371 0.036404 0.114434 0.039062
1 0.559821 0.582018 0.584650 0.039062
1 0.279112 0.091512 0.014623 0.023591
2 0.334948 0.906653 0.014623 0.023591
2 0.009035 0.374672 0.014623 0.023591
3 0.311886 0.819941 0.013909 0.023375
3 0.015148 0.876544 0.013909 0.023375
