0 0.747774 0.902623 0.363083 0.032733
0 0.386802 0.039455 0.292081 0.032733
0 0.774890 0.364217 0.144831 0.032733
0 0.313322 0.258775 0.191150 0.032733
0 0.616804 0.117264 0.388175 0.032733
1 0.529123 0.452664 0.424479 0.040917
1 0.654061 0.770480 0.340525 0.040917
1 0.273116 0.750638 0.372781 0.040917
1 0.750872 0.617655 0.012539 0.024711
2 0.064631 0.068548 0.012539 0.024711
2 0.408234 0.327526 0.012539 0.024711
3 0.320950 0.924748 0.011927 0.024484
3 0.030969 0.958550 0.011927 0.024484
