0 0.618939 0.199938 0.509303 0.031153
0 0.240788 0.844531 0.303346 0.031153
0 0.335366 0.714217 0.508918 0.031153
0 0.618120 0.799308 0.267142 0.031153
0 0.642559 0.914103 0.235591 0.031153
1 0.371718 0.518273 0.125637 0.038941
1 0.586467 0.545584 0.102722 0.038941
1 0.648913 0.360349 0.454615 0.038941
1 0.202566 0.292571 0.014087 0.023518
2 0.093292 0.253955 0.014087 0.023518
2 0.787545 0.900112 0.014087 0.023518
3 0.688730 0.425030 0.013399 0.023302
3 0.649320 0.096535 0.013399 0.023302
