0 0.229496 0.343208 0.381620 0.017153
0 0.561678 0.820988 0.649867 0.017153
0 0.900155 0.440199 0.086759 0.017153
0 0.581857 0.684351 0.116541 0.017153
0 0.894435 0.961688 0.011008 0.017153
1 0.734600 0.115595 0.464824 0.021441
1 0.306018 0.582087 0.610492 0.021441
1 0.312302 0.630974 0.486740 0.021441
1 0.236918 0.928190 0.018209 0.012949
2 0.619871 0.036452 0.018209 0.012949
2 0.034556 0.190136 0.018209 0.012949
3 0.308278 0.859957 0.017320 0.012830
3 0.926980 0.018740 0.017320 0.012830
