0 0.469842 0.415901 0.085336 0.047733
0 0.169383 0.747360 0.238303 0.047733
0 0.705350 0.622541 0.423435 0.047733
0 0.745779 0.190814 0.406558 0.047733
0 0.722022 0.058532 0.159753 0.047733
1 0.736033 0.340331 0.284778 0.059666
1 0.190711 0.269586 0.040547 0.059666
1 0.420660 0.959724 0.103464 0.059666
1 0.615793 0.833064 0.011546 0.036034
2 0.306225 0.791526 0.011546 0.036034
2 0.399816 0.402889 0.011546 0.036034
3 0.200928 0.327362 0.010983 0.035704
3 0.588459 0.741910 0.010983 0.035704
