0 0.412251 0.135674 0.016973 0.026738
0 0.223928 0.879011 0.061617 0.026738
0 0.196665 0.193860 0.056919 0.026738
0 0.837890 0.479949 0.045287 0.026738
0 0.741427 0.750587 0.342279 0.026738
1 0.485858 0.485243 0.177579 0.033422
1 0.104476 0.483619 0.039573 0.033422
1 0.438786 0.406483 0.404085 0.033422
1 0.909019 0.216968 0.010933 0.020185
2 0.477357 0.062609 0.010933 0.020185
2 0.229309 0.840432 0.010933 0.020185
3 0.400777 0.174267 0.010400 0.020000
3 0.966246 0.643150 0.010400 0.020000
