0 0.760211 0.626372 0.058911 0.017483
0 0.617653 0.347872 0.134216 0.017483
0 0.237207 0.492681 0.358213 0.017483
0 0.660522 0.855047 0.290866 0.017483
0 0.734313 0.131471 0.390639 0.017483
1 0.427845 0.631320 0.479385 0.021853
1 0.489610 0.397033 0.040950 0.021853
1 0.282787 0.571690 0.432269 0.021853
1 0.342794 0.250373 0.633986 0.021853
2 0.174988 0.541296 0.016044 0.013198
2 0.877729 0.823532 0.016044 0.013198
3 0.872452 0.789934 0.015261 0.013077
3 0.656153 0.317652 0.015261 0.013077
