0 0.321542 0.366491 0.100448 0.036900
0 0.231441 0.477995 0.213412 0.036900
0 0.879594 0.165838 0.237071 0.036900
0 0.630428 0.594717 0.193717 0.036900
0 0.598555 0.465026 0.244100 0.036900
1 0.487200 0.886448 0.328271 0.046125
1 0.622161 0.271811 0.480382 0.046125
1 0.763927 0.742833 0.104703 0.046125
1 0.126495 0.044397 0.012180 0.027857
2 0.910344 0.678158 0.012180 0.027857
2 0.554900 0.551640 0.012180 0.027857
3 0.747565 0.896212 0.011585 0.027601
3 0.034634 0.783344 0.011585 0.027601
