0 0.318960 0.972799 0.360553 0.034542
0 0.589594 0.725118 0.083395 0.034542
0 0.564359 0.613889 0.182592 0.034542
0 0.249199 0.167424 0.299541 0.034542
0 0.609355 0.471203 0.547078 0.034542
1 0.505001 0.781873 0.092724 0.043178
1 0.225592 0.802437 0.424748 0.043178
1 0.733091 0.364221 0.528318 0.043178
1 0.050817 0.971459 0.014506 0.026077
2 0.801322 0.804684 0.014506 0.026077
2 0.488250 0.928066 0.014506 0.026077
3 0.456603 0.296922 0.013798 0.025838
3 0.576322 0.157408 0.013798 0.025838
