0 0.230899 0.637889 0.360098 0.024010
0 0.371447 0.745922 0.457198 0.024010
0 0.684132 0.964864 0.399703 0.024010
0 0.519850 0.482301 0.241230 0.024010
0 0.632522 0.871171 0.244299 0.024010
1 0.537964 0.272940 0.345455 0.030012
1 0.658382 0.617395 0.448001 0.030012
1 0.238065 0.432283 0.318923 0.030012
1 0.222203 0.029738 0.011848 0.018125
2 0.090815 0.104087 0.011848 0.018125
2 0.907315 0.044623 0.011848 0.018125
3 0.048868 0.806917 0.011269 0.017959
3 0.952775 0.570788 0.011269 0.017959
