0 0.620966 0.771598 0.457075 0.017809
0 0.728634 0.039714 0.428584 0.017809
0 0.404139 0.201505 0.509093 0.017809
0 0.701079 0.710694 0.302917 0.017809
0 0.328883 0.659648 0.400711 0.017809
1 0.453521 0.520601 0.110201 0.022262
1 0.908276 0.217266 0.163968 0.022262
1 0.973967 0.088497 0.017517 0.022262
1 0.690653 0.115984 0.012879 0.013445
2 0.551475 0.294369 0.012879 0.013445
2 0.429247 0.124764 0.012879 0.013445
3 0.091958 0.396294 0.012250 0.013321
3 0.258240 0.983813 0.012250 0.013321
