0 0.450335 0.783471 0.164207 0.031496
0 0.370897 0.621349 0.489432 0.031496
0 0.190190 0.583994 0.206328 0.031496
0 0.582435 0.153855 0.505577 0.031496
0 0.245937 0.880700 0.331499 0.031496
1 0.453546 0.528238 0.283662 0.039370
1 0.608762 0.868535 0.365078 0.039370
1 0.217087 0.822623 0.029219 0.039370
1 0.785047 0.662688 0.013814 0.023777
2 0.155689 0.775930 0.013814 0.023777
2 0.674118 0.681829 0.013814 0.023777
3 0.976493 0.345646 0.013140 0.023559
3 0.119538 0.306659 0.013140 0.023559
