0 0.720363 0.368044 0.286224 0.039216
0 0.149980 0.732099 0.026608 0.039216
0 0.413707 0.305690 0.503386 0.039216
0 0.609648 0.188601 0.259177 0.039216
0 0.443995 0.480391 0.419489 0.039216
1 0.553074 0.250456 0.323420 0.049020
1 0.658093 0.649271 0.183947 0.049020
1 0.246336 0.829676 0.432911 0.049020
1 0.212822 0.545172 0.014319 0.029605
2 0.412911 0.137840 0.014319 0.029605
2 0.225621 0.411113 0.014319 0.029605
3 0.076377 0.258673 0.013620 0.029333
3 0.075393 0.502951 0.013620 0.029333
