0 0.565791 0.258442 0.238168 0.031104
0 0.655091 0.819085 0.311902 0.031104
0 0.696055 0.600385 0.089657 0.031104
0 0.416118 0.182847 0.145854 0.031104
0 0.596209 0.676531 0.316565 0.031104
1 0.443498 0.432579 0.044763 0.038880
1 0.494897 0.732344 0.451545 0.038880
1 0.374382 0.504507 0.410982 0.038880
1 0.968509 0.946087 0.014217 0.023481
2 0.703181 0.944151 0.014217 0.023481
2 0.149437 0.895660 0.014217 0.023481
3 0.616359 0.547578 0.013523 0.023266
3 0.527851 0.308351 0.013523 0.023266
