0 0.375629 0.777498 0.037457 0.037665
0 0.622878 0.917535 0.201165 0.037665
0 0.822326 0.409019 0.149649 0.037665
0 0.483789 0.150686 0.398282 0.037665
0 0.521957 0.356674 0.261344 0.037665
1 0.214676 0.262667 0.356052 0.047081
1 0.757347 0.248490 0.301680 0.047081
1 0.684876 0.791400 0.139757 0.047081
1 0.457388 0.445637 0.014187 0.028434
2 0.736064 0.353057 0.014187 0.028434
2 0.894344 0.297106 0.014187 0.028434
3 0.707757 0.032025 0.013494 0.028173
3 0.438144 0.417387 0.013494 0.028173
