0 0.567346 0.646075 0.446474 0.022624
0 0.221050 0.725582 0.362520 0.022624
0 0.638298 0.790967 0.010427 0.022624
0 0.322786 0.221800 0.084704 0.022624
0 0.329411 0.261141 0.177266 0.022624
1 0.517814 0.332806 0.323663 0.028281
1 0.584275 0.575083 0.441003 0.028281
1 0.806288 0.497357 0.172881 0.028281
1 0.398640 0.055267 0.011222 0.017080
2 0.038808 0.750287 0.011222 0.017080
2 0.053150 0.278159 0.011222 0.017080
3 0.257071 0.861353 0.010674 0.016923
3 0.142779 0.365690 0.010674 0.016923
