0 0.470374 0.115082 0.095797 0.022701
0 0.532242 0.033879 0.532805 0.022701
0 0.401782 0.932537 0.494101 0.022701
0 0.775788 0.254515 0.188155 0.022701
0 0.467672 0.197121 0.317001 0.022701
1 0.798484 0.599820 0.072389 0.028377
1 0.595259 0.746053 0.108079 0.028377
1 0.398477 0.877969 0.517365 0.028377
1 0.513690 0.459541 0.617906 0.028377
2 0.258755 0.698975 0.015545 0.017138
2 0.090992 0.719209 0.015545 0.017138
3 0.707354 0.960019 0.014786 0.016981
3 0.471034 0.744702 0.014786 0.016981
