0 0.548849 0.784708 0.187736 0.047619
0 0.426871 0.092026 0.401095 0.047619
0 0.893075 0.549226 0.195428 0.047619
0 0.584490 0.923699 0.142762 0.047619
0 0.809363 0.938931 0.257829 0.047619
1 0.803516 0.345577 0.146411 0.059524
1 0.388309 0.723943 0.032209 0.059524
1 0.284643 0.578972 0.337808 0.059524
1 0.543238 0.705920 0.010377 0.035948
2 0.860151 0.605022 0.010377 0.035948
2 0.034521 0.626139 0.010377 0.035948
3 0.955531 0.119832 0.009870 0.035619
3 0.271596 0.788172 0.009870 0.035619
