0 0.493603 0.173819 0.248928 0.036900
0 0.477969 0.444702 0.403552 0.036900
0 0.618967 0.129259 0.359926 0.036900
0 0.254355 0.533837 0.311469 0.036900
0 0.544268 0.841707 0.405247 0.036900
1 0.554464 0.609074 0.281552 0.046125
1 0.125276 0.711835 0.098625 0.046125
1 0.739454 0.287771 0.285610 0.046125
1 0.800909 0.638775 0.011060 0.027857
2 0.111570 0.056565 0.011060 0.027857
2 0.264546 0.224192 0.011060 0.027857
3 0.899193 0.059431 0.010520 0.027601
3 0.742384 0.083224 0.010520 0.027601
