0 0.674426 0.557882 0.087945 0.022222
0 0.679985 0.241758 0.427668 0.022222
0 0.439202 0.481387 0.130882 0.022222
0 0.717401 0.826189 0.030029 0.022222
0 0.412410 0.206376 0.459020 0.022222
1 0.406654 0.876828 0.452267 0.027778
1 0.321117 0.384926 0.370156 0.027778
1 0.231637 0.311155 0.248113 0.027778
1 0.782931 0.284972 0.015306 0.016776
2 0.345778 0.972684 0.015306 0.016776
2 0.208854 0.123604 0.015306 0.016776
3 0.319982 0.083775 0.014559 0.016622
3 0.198518 0.414946 0.014559 0.016622
