0 0.621349 0.595081 0.354645 0.023669
0 0.619047 0.730527 0.400637 0.023669
0 0.307261 0.239444 0.121042 0.023669
0 0.314402 0.342982 0.434368 0.023669
0 0.177392 0.660737 0.252153 0.023669
1 0.606236 0.195344 0.365891 0.029586
1 0.199206 0.588592 0.160273 0.029586
1 0.693150 0.933139 0.202281 0.029586
1 0.487345 0.139413 0.012747 0.017868
2 0.633878 0.238580 0.012747 0.017868
2 0.049135 0.161035 0.012747 0.017868
3 0.103433 0.942110 0.012125 0.017704
3 0.859052 0.914458 0.012125 0.017704
