0 0.455895 0.670762 0.137196 0.042463
0 0.058328 0.909721 0.046495 0.042463
0 0.257994 0.108410 0.015225 0.042463
0 0.339886 0.845687 0.367129 0.042463
0 0.648690 0.473545 0.442712 0.042463
1 0.657785 0.243933 0.345141 0.053079
1 0.773105 0.615176 0.356972 0.053079
1 0.683115 0.767967 0.071877 0.053079
1 0.467031 0.969198 0.014996 0.032056
2 0.297635 0.385166 0.014996 0.032056
2 0.621229 0.980731 0.014996 0.032056
3 0.147429 0.945660 0.014264 0.031762
3 0.631592 0.158735 0.014264 0.031762
