0 0.044793 0.725649 0.044070 0.020387
0 0.179937 0.014542 0.110407 0.020387
0 0.307951 0.890535 0.219842 0.020387
0 0.629177 0.558000 0.470176 0.020387
0 0.298718 0.201963 0.392295 0.020387
1 0.641440 0.132012 0.463730 0.025484
1 0.858494 0.591196 0.257912 0.025484
1 0.138276 0.064195 0.165062 0.025484
1 0.632228 0.654753 0.011890 0.015391
2 0.418870 0.242508 0.011890 0.015391
2 0.689629 0.302757 0.011890 0.015391
3 0.026479 0.747803 0.011310 0.015250
3 0.720460 0.102146 0.011310 0.015250
