0 0.439470 0.099022 0.354500 0.046189
0 0.417448 0.208037 0.650008 0.046189
0 0.668346 0.279891 0.556184 0.046189
0 0.669872 0.365246 0.077305 0.046189
0 0.787501 0.051641 0.160129 0.046189
1 0.660245 0.633406 0.444675 0.057737
1 0.265129 0.781309 0.450461 0.057737
1 0.269365 0.477760 0.409856 0.057737
1 0.402494 0.046355 0.017073 0.034869
2 0.022391 0.381012 0.017073 0.034869
2 0.970817 0.553361 0.017073 0.034869
3 0.127438 0.840982 0.016239 0.034550
3 0.871265 0.206075 0.016239 0.034550
