0 0.734165 0.933372 0.358849 0.023175
0 0.566494 0.464412 0.363850 0.023175
0 0.384211 0.252679 0.648432 0.023175
0 0.570257 0.866159 0.472236 0.023175
0 0.404663 0.961405 0.487850 0.023175
1 0.318803 0.329772 0.622444 0.028969
1 0.468780 0.401153 0.680008 0.028969
1 0.619776 0.656403 0.660978 0.028969
1 0.316413 0.559562 0.513460 0.028969
2 0.411030 0.514265 0.017000 0.017495
2 0.311987 0.613816 0.017000 0.017495
3 0.613061 0.057675 0.016170 0.017335
3 0.232021 0.687646 0.016170 0.017335
