0 0.368092 0.386998 0.461782 0.016543
0 0.221651 0.476109 0.289285 0.016543
0 0.773072 0.527502 0.010830 0.016543
0 0.623132 0.881641 0.514198 0.016543
0 0.799402 0.107534 0.277152 0.016543
1 0.386608 0.263961 0.100886 0.020678
1 0.412121 0.630725 0.180126 0.020678
1 0.620889 0.721545 0.732706 0.020678
1 0.634776 0.414370 0.475969 0.020678
2 0.240544 0.853893 0.019758 0.012488
2 0.038384 0.772538 0.019758 0.012488
3 0.340033 0.528368 0.018793 0.012374
3 0.551673 0.490914 0.018793 0.012374
