0 0.484259 0.800775 0.374300 0.017065
0 0.285685 0.896264 0.452401 0.017065
0 0.821518 0.756136 0.095084 0.017065
0 0.426787 0.114143 0.035221 0.017065
0 0.481679 0.957705 0.336144 0.017065
1 0.254985 0.604557 0.099436 0.021331
1 0.362929 0.728919 0.121331 0.021331
1 0.564230 0.860293 0.350875 0.021331
1 0.417363 0.488943 0.012563 0.012883
2 0.866467 0.061176 0.012563 0.012883
2 0.679269 0.496164 0.012563 0.012883
3 0.951515 0.069241 0.011950 0.012765
3 0.969254 0.106067 0.011950 0.012765
