0 0.453427 0.382121 0.467603 0.027816
0 0.589717 0.086217 0.014124 0.027816
0 0.656199 0.788236 0.420185 0.027816
0 0.391251 0.017012 0.282025 0.027816
0 0.116531 0.155878 0.129666 0.027816
1 0.485956 0.899816 0.418661 0.034771
1 0.322546 0.090070 0.264478 0.034771
1 0.537609 0.547728 0.516270 0.034771
1 0.818207 0.349789 0.013469 0.020999
2 0.573823 0.236118 0.013469 0.020999
2 0.187100 0.596580 0.013469 0.020999
3 0.059401 0.617586 0.012812 0.020807
3 0.566171 0.311613 0.012812 0.020807
