0 0.577629 0.111786 0.097512 0.019900
0 0.606811 0.647865 0.732259 0.019900
0 0.541542 0.824671 0.211602 0.019900
0 0.930866 0.028649 0.055982 0.019900
0 0.478516 0.410212 0.140248 0.019900
1 0.675303 0.782698 0.274120 0.024876
1 0.727736 0.723308 0.038581 0.024876
1 0.350137 0.853966 0.176517 0.024876
1 0.836267 0.511918 0.019299 0.015023
2 0.117017 0.880180 0.019299 0.015023
2 0.808352 0.904250 0.019299 0.015023
3 0.902034 0.612719 0.018357 0.014886
3 0.770099 0.151487 0.018357 0.014886
