0 0.187175 0.381835 0.174466 0.053191
0 0.124643 0.196264 0.111905 0.053191
0 0.845658 0.833761 0.030311 0.053191
0 0.610147 0.638125 0.216610 0.053191
0 0.089027 0.854031 0.070753 0.053191
1 0.472800 0.264325 0.230118 0.066489
1 0.672695 0.378477 0.199651 0.066489
1 0.675654 0.486027 0.551251 0.066489
1 0.971888 0.942858 0.014570 0.040155
2 0.251347 0.834106 0.014570 0.040155
2 0.192931 0.846676 0.014570 0.040155
3 0.065794 0.736479 0.013858 0.039787
3 0.830713 0.693279 0.013858 0.039787
