0 0.336692 0.101392 0.399973 0.024331
0 0.349650 0.512692 0.240876 0.024331
0 0.659495 0.421986 0.021775 0.024331
0 0.466865 0.352265 0.247522 0.024331
0 0.586431 0.948810 0.258389 0.024331
1 0.444759 0.644455 0.322954 0.030414
1 0.829708 0.246160 0.136698 0.030414
1 0.788004 0.842089 0.188908 0.030414
1 0.469204 0.324065 0.010602 0.018368
2 0.076892 0.149200 0.010602 0.018368
2 0.661798 0.681232 0.010602 0.018368
3 0.115035 0.395146 0.010085 0.018200
3 0.872927 0.911634 0.010085 0.018200
