0 0.375295 0.298643 0.315564 0.025840
0 0.511324 0.459931 0.018439 0.025840
0 0.544854 0.520160 0.203184 0.025840
0 0.846294 0.917194 0.045150 0.025840
0 0.635083 0.979077 0.186690 0.025840
1 0.486685 0.770599 0.247532 0.032300
1 0.116985 0.792435 0.185216 0.032300
1 0.733230 0.831439 0.363935 0.032300
1 0.016343 0.116794 0.011593 0.019507
2 0.929953 0.032387 0.011593 0.019507
2 0.967196 0.474352 0.011593 0.019507
3 0.948494 0.305343 0.011027 0.019328
3 0.060071 0.651694 0.011027 0.019328
