0 0.293954 0.696161 0.241108 0.022962
0 0.125160 0.630014 0.080864 0.022962
0 0.313534 0.532611 0.266303 0.022962
0 0.736279 0.258895 0.414940 0.022962
0 0.570268 0.939112 0.306396 0.022962
1 0.436647 0.045116 0.296022 0.028703
1 0.126562 0.360032 0.165460 0.028703
1 0.556945 0.969364 0.431729 0.028703
1 0.381912 0.439674 0.011925 0.017334
2 0.416384 0.331230 0.011925 0.017334
2 0.531518 0.752302 0.011925 0.017334
3 0.186505 0.204523 0.011343 0.017176
3 0.480898 0.349821 0.011343 0.017176
