0 0.258022 0.047345 0.277161 0.025189
0 0.606510 0.937390 0.210138 0.025189
0 0.528799 0.232334 0.485938 0.025189
0 0.506275 0.341687 0.062433 0.025189
0 0.518893 0.617107 0.141307 0.025189
1 0.731701 0.041371 0.432978 0.031486
1 0.487127 0.443244 0.523509 0.031486
1 0.397509 0.127354 0.606022 0.031486
1 0.619674 0.475213 0.015916 0.019016
2 0.271646 0.204332 0.015916 0.019016
2 0.749691 0.382279 0.015916 0.019016
3 0.558023 0.290917 0.015139 0.018841
3 0.466128 0.093875 0.015139 0.018841
