0 0.560603 0.464942 0.570412 0.016461
0 0.459447 0.980049 0.572763 0.016461
0 0.311984 0.937224 0.300938 0.016461
0 0.707771 0.486201 0.354109 0.016461
0 0.447145 0.261397 0.156225 0.016461
1 0.309728 0.142592 0.500178 0.020576
1 0.302489 0.869781 0.183475 0.020576
1 0.715194 0.333144 0.122146 0.020576
1 0.509484 0.006558 0.016899 0.012427
2 0.785897 0.842077 0.016899 0.012427
2 0.242741 0.667068 0.016899 0.012427
3 0.803498 0.911198 0.016074 0.012313
3 0.021923 0.435436 0.016074 0.012313
